0 0.003241 0.006774 0.006623 0.034238 0.027644 0.029693 0.213282 0.026634 0.757664 0.614376 0.421029 0.818837 0.076692 0.842073 0.370480 0.419715 0.818866 0.460132 0.715949 0.517747 
1 0.008597 0.022839 0.019047 0.042497 0.005905 0.015272 0.046869 0.094572 0.019260 1.193813 0.935906 0.102110 0.584415 0.448909 0.178905 0.071196 0.599215 0.421920 0.770816 0.052910 
2 0.009641 0.081466 0.036289 0.037418 0.024515 0.063033 0.546645 0.518311 0.495477 0.422986 0.277163 0.366825 0.475783 0.864198 0.357366 0.157292 0.251586 0.265142 0.925010 0.445715 
3 0.000714 0.000108 0.000008 0.000543 0.001400 0.000507 0.120063 0.052984 0.079309 1.129191 0.914071 0.346039 0.264552 0.990763 0.188111 0.635031 0.410479 0.006977 0.095164 0.126428 
4 0.111112 0.404567 0.052461 0.123081 0.327878 0.515533 0.130392 0.286812 0.039874 0.883431 0.524724 0.031070 0.228538 0.109139 0.479979 0.407443 0.180335 0.079194 0.829363 0.951152 
5 0.000360 0.003838 0.001404 0.010613 0.020342 0.506493 0.716364 0.478861 0.168873 0.213475 0.132104 0.106526 0.317976 0.607887 0.970724 0.675342 0.765180 0.222311 0.940485 0.690190 
6 0.001491 0.000567 0.000678 0.002147 0.001015 0.011863 0.114975 0.006587 0.498062 0.890064 0.668026 0.854556 0.036229 0.932577 0.845319 0.224340 0.567608 0.255798 0.231318 0.662772 
7 0.017085 0.007172 0.001327 0.000531 0.005204 0.089765 0.130975 0.306556 0.857713 0.633223 0.382226 0.756042 0.693842 0.610764 0.865181 0.173821 0.018207 0.045516 0.253015 0.847570 
8 0.000000 0.000000 0.000000 0.000000 0.000004 0.000324 0.000174 0.005090 0.003529 1.185289 0.996668 0.385119 0.954096 0.314644 0.993006 0.924820 0.989986 0.758186 0.147131 0.930471 
9 0.000914 0.005055 0.002775 0.011869 0.020161 0.057632 0.059522 0.245748 0.871691 0.773012 0.448376 0.815156 0.785027 0.484604 0.747734 0.630346 0.708944 0.315342 0.886143 0.940262 
