110
210 4.686557E-06 4.912782E-05 2.071947E-05 2.239956E-05 2.242975E-04 4.263810E-03 2.334632E-03 4.927110E-03 4.789039E-03 1.006889E+00 
211 1.034287E-04 2.187497E-05 2.801394E-04 1.772760E-02 7.125179E-03 1.320343E-02 1.041526E-01 9.132587E-01 5.973450E-01 5.141821E-01 
212 2.453267E-08 5.592552E-09 6.366218E-08 2.775488E-06 3.068762E-05 1.678095E-03 3.031674E-02 3.284637E-01 2.239939E-01 9.284084E-01 
213 3.457092E-04 1.342200E-04 1.560782E-04 5.075808E-04 2.179025E-04 2.846751E-03 1.391307E-03 2.500171E-04 1.453510E-02 1.241208E+00 
214 2.380953E-09 5.602798E-10 6.126785E-09 4.193650E-07 3.535090E-06 3.240261E-04 1.737042E-04 5.090135E-03 3.528581E-03 1.185289E+00 
215 2.378175E-09 5.596260E-10 6.119636E-09 4.188756E-07 3.530965E-06 3.236480E-04 1.744078E-04 5.090135E-03 3.528581E-03 1.185289E+00 
216 4.066002E-09 9.568012E-10 1.046284E-08 4.187760E-07 3.530965E-06 3.236480E-04 1.744078E-04 5.090135E-03 3.528581E-03 1.185289E+00 
217 2.378175E-09 5.596260E-10 6.119636E-09 4.188756E-07 3.530965E-06 3.236480E-04 1.744078E-04 5.090135E-03 3.528581E-03 1.185289E+00 
218 2.378175E-09 5.596260E-10 6.119636E-09 4.188756E-07 3.530965E-06 3.236480E-04 1.744078E-04 5.090135E-03 3.528581E-03 1.185289E+00 
219 2.378175E-09 5.596260E-10 6.119636E-09 4.188756E-07 3.530965E-06 3.236480E-04 1.744078E-04 5.090135E-03 3.528581E-03 1.185289E+00 
END