7.780312000e+00 1.592774000e-01 3.203131000e+00 
2.587236000e-01 1.160212000e-01 8.244599000e+00 
4.034115000e+00 2.274864000e+00 7.027669000e+00 
4.430179000e+00 2.485904000e+00 6.803111000e+00 
8.464515000e+00 2.666842000e+00 1.395986000e+00 
2.804844000e+00 2.964998000e+00 6.630140000e+00 
6.946154000e+00 4.010538000e-01 3.607003000e+00 
8.718594000e+00 2.771098000e-01 3.833659000e-01 
3.777197000e+00 5.013119000e+00 5.802001000e+00 
3.895089000e+00 3.174222000e+00 6.379247000e+00 
1.389264000e+00 2.784142000e+00 7.467502000e+00 
1.919966000e+00 2.604520000e-01 7.643326000e+00 
5.143145000e+00 4.890713000e+00 5.778034000e+00 
4.771308000e+00 3.121223000e+00 6.568715000e+00 
3.835675000e+00 4.692158000e+00 6.210326000e+00 
5.519045000e+00 3.701300000e+00 4.985933000e+00 
5.824962000e-01 6.143672000e+00 6.798731000e+00 
6.122430000e+00 2.591364000e+00 5.249956000e+00 
2.914437000e+00 8.584628000e+00 7.700118000e-01 
2.283086000e+00 7.383952000e+00 4.714517000e+00 
7.958576000e-02 5.333228000e-01 1.122472000e+01 
2.780769000e+00 3.013476000e+00 7.202993000e+00 
5.545209000e+00 6.873010000e+00 1.894642000e+00 
5.323292000e+00 2.745071000e+00 5.606917000e+00 
2.814622000e+00 4.690787000e+00 6.577012000e+00 
1.124785000e+00 2.025215000e+00 7.912183000e+00 
1.704244000e-01 2.851701000e-02 9.736416000e+00 
6.166781000e+00 6.842794000e+00 4.823568000e-01 
3.773955000e+00 7.303627000e+00 1.302876000e+00 
3.898855000e+00 1.147025000e-01 8.364990000e+00 
1.518690000e+00 4.061254000e+00 7.084818000e+00 
5.121155000e+00 1.207831000e+00 6.176789000e+00 
2.185744000e-01 5.390253000e+00 7.103934000e+00 
3.999706000e-02 6.875372000e+00 5.048491000e+00 
1.418677000e+00 5.715228000e+00 6.311340000e+00 
4.641254000e+00 7.269508000e+00 1.281795000e+00 
6.392564000e+00 4.113629000e+00 3.981003000e+00 
1.888567000e+00 6.538896000e-01 8.234488000e+00 
2.337881000e+00 7.269322000e+00 3.850378000e+00 
1.529304000e+00 1.125523000e+00 7.987866000e+00 
2.152647000e+00 7.571547000e+00 2.799649000e+00 
2.731023000e+00 4.130664000e+00 6.739662000e+00 
6.405106000e+00 6.326929000e+00 1.077186000e+00 
6.430420000e+00 5.964400000e+00 3.718969000e+00 
1.722444000e-01 7.755961000e+00 3.134185000e+00 
7.106787000e+00 5.260393000e+00 8.928809000e-01 
3.267535000e+00 6.394829000e+00 5.066140000e+00 
1.925069000e-01 1.300425000e-01 8.800249000e+00 
3.795189000e+00 7.332766000e+00 5.567061000e-01 
2.669460000e+00 6.921734000e+00 1.503154000e+00 
1.494665000e+00 7.576897000e+00 2.734978000e+00 
6.901917000e+00 4.353178000e+00 3.141250000e+00 
4.425707000e+00 3.649168000e+00 6.233823000e+00 
6.229910000e+00 6.247342000e+00 3.754628000e+00 
3.176950000e+00 8.561636000e+00 7.460481000e-01 
4.896182000e+00 5.478362000e+00 5.061599000e+00 
2.415492000e-01 6.718547000e-02 8.523393000e+00 
4.897878000e+00 6.275767000e+00 3.001111000e+00 
8.412497000e-01 2.686354000e-02 1.003326000e+01 
1.003829000e+00 4.868853000e+00 7.678606000e+00 
2.219926000e+00 6.315271000e+00 5.969687000e+00 
9.578805000e+00 3.119833000e+00 2.533477000e-01 
4.819606000e+00 2.183770000e+00 7.577993000e+00 
3.788280000e+00 4.876940000e+00 6.099363000e+00 
3.699467000e+00 6.646260000e+00 2.694110000e+00 
6.446826000e+00 5.417422000e+00 2.011829000e+00 
1.679755000e+00 5.473816000e+00 6.096842000e+00 
2.616234000e+00 9.197863000e+00 7.150562000e-01 
8.315536000e+00 5.936557000e+00 4.211096000e-02 
1.672081000e+00 6.218268000e+00 6.102622000e+00 
5.270935000e+00 3.143042000e-01 6.511295000e+00 
2.973924000e+00 4.518212000e+00 6.348365000e+00 
7.436043000e+00 3.153724000e+00 7.155388000e-01 
3.221909000e-01 1.478134000e+00 8.124066000e+00 

4.448819000e+00 3.324518000e-01 7.670148000e+00 
5.421398000e+00 5.749581000e+00 2.294177000e+00 
2.411920000e+00 1.809368000e-01 8.522602000e+00 
2.501253000e+00 8.036599000e+00 1.676573000e-01 
5.544158000e+00 7.045971000e+00 2.247989000e+00 
6.476157000e+00 4.605938000e+00 3.225597000e+00 
3.515847000e+00 5.733249000e+00 5.341331000e+00 
4.428141000e+00 7.717724000e+00 1.281501000e+00 
4.841507000e+00 1.403173000e-01 6.774810000e+00 
2.625631000e-02 2.401958000e+00 8.992033000e+00 
2.531177000e+00 7.962945000e+00 3.302807000e+00 
3.689372000e+00 4.695195000e+00 5.759324000e+00 
2.077484000e+00 6.936163000e+00 3.529437000e+00 
1.869901000e-01 1.503093000e-01 8.846548000e+00 
9.006672000e+00 2.615378000e-01 3.443558000e+00 
3.682696000e+00 6.377148000e+00 3.498728000e+00 
6.512512000e+00 4.115493000e+00 2.930019000e+00 
5.964202000e+00 2.321847000e+00 4.443354000e+00 
2.653078000e-02 3.640844000e-01 9.201901000e+00 
5.784852000e+00 1.992047000e+00 5.361431000e+00 
4.588427000e+00 7.402361000e+00 3.211248000e-01 
5.775061000e+00 3.110824000e+00 4.953195000e+00 
7.547292000e+00 3.865736000e-01 3.337010000e+00 
2.482466000e-01 9.300991000e+00 3.669833000e-01 
3.140903000e-01 7.394219000e+00 3.354952000e+00 
4.021882000e-01 1.637034000e+00 8.650721000e+00 
2.885628000e-01 4.495500000e+00 7.356279000e+00 
6.057677000e+00 4.692879000e+00 9.115890000e-01 
4.659682000e+00 4.186944000e+00 4.607603000e+00 
5.793327000e+00 6.927585000e+00 2.170344000e+00 
2.072421000e+00 5.334376000e+00 6.161998000e+00 
2.453052000e-01 1.115206000e-01 9.022207000e+00 
8.694052000e-02 3.149282000e-02 9.334149000e+00 
5.413721000e+00 1.278114000e+00 6.358957000e+00 
3.329176000e+00 9.458300000e-03 8.333773000e+00 
7.386397000e+00 4.031673000e+00 2.803792000e+00 
4.296981000e-01 5.623985000e+00 5.468730000e+00 
3.477144000e-01 1.719436000e+00 6.199437000e+00 
1.041011000e+00 2.353103000e-01 8.491281000e+00 
8.023823000e+00 3.981836000e+00 2.340531000e+00 
2.787081000e-01 4.191970000e+00 8.322878000e+00 
7.516333000e-01 8.705328000e+00 8.865626000e-01 
8.702505000e+00 1.731985000e+00 2.741378000e+00 
3.281677000e+00 1.095451000e+00 7.391494000e+00 
1.178441000e+00 1.103064000e+00 7.853436000e+00 
9.294181000e+00 1.507012000e-01 4.478369000e+00 
7.440743000e-01 7.259408000e+00 3.658126000e+00 
8.556924000e+00 4.501832000e+00 8.398633000e-01 
7.447023000e+00 4.208871000e+00 1.014870000e+00 
4.467623000e+00 4.105014000e+00 5.730463000e+00 
9.684384000e+00 2.831066000e+00 2.075884000e-02 
3.343335000e-01 2.842383000e+00 8.489530000e+00 
9.862166000e-01 1.279508000e+00 8.117151000e+00 
1.470172000e-01 6.319431000e+00 5.145074000e+00 
6.916436000e+00 1.845259000e+00 4.622413000e+00 
5.365429000e+00 2.935178000e+00 5.414788000e+00 
5.640597000e+00 1.430914000e+00 6.049440000e+00 
1.952867000e+00 6.865761000e+00 4.678554000e+00 
7.822418000e+00 5.548508000e+00 3.650117000e-02 
5.998968000e+00 5.138366000e+00 3.462748000e+00 
9.077281000e+00 6.333331000e-01 1.260371000e+00 
9.294809000e+00 1.368341000e+00 2.395672000e-01 
1.200130000e-02 1.304240000e-01 9.535134000e+00 
6.062554000e+00 1.238142000e+00 4.947450000e+00 
4.462487000e+00 5.204812000e+00 3.164660000e+00 
4.697441000e+00 1.331799000e+00 7.096753000e+00 
3.015619000e+00 3.457685000e-01 7.719812000e+00 

6.129991000e+00 2.172991000e+00 6.433337000e+00 
6.415347000e+00 4.317115000e+00 2.121623000e+00 
5.910256000e+00 1.423400000e-01 6.632653000e+00 
4.677514000e+00 9.139674000e+00 4.250733000e-01 
5.847949000e+00 2.926402000e+00 6.391323000e+00 
4.886934000e-02 3.126531000e-02 9.364712000e+00 
1.670366000e+00 6.982804000e+00 5.292068000e+00 
4.100364000e+00 3.375262000e+00 6.790306000e+00 
8.515449000e+00 6.119288000e-02 6.138597000e-01 
6.266090000e+00 1.694715000e-01 6.365964000e+00 
4.995584000e+00 4.623687000e+00 3.160265000e+00 
7.725667000e+00 1.634074000e+00 3.145180000e+00 
2.020172000e+00 7.599124000e+00 1.531161000e+00 
4.829694000e+00 6.463371000e+00 3.979527000e+00 
7.658757000e-02 2.882495000e+00 8.658925000e+00 
7.991555000e+00 2.341818000e+00 2.038922000e+00 
4.767468000e+00 7.566101000e+00 7.740945000e-01 
8.268421000e+00 2.245613000e+00 2.534149000e+00 
6.222310000e+00 3.437705000e+00 4.732186000e+00 
6.114504000e+00 5.182514000e+00 3.003332000e+00 
1.443332000e-01 3.648236000e-02 8.368236000e+00 
1.901415000e+00 6.562349000e+00 2.905912000e+00 
3.243231000e+00 2.010464000e+00 7.535997000e+00 
2.967899000e-01 7.182103000e+00 4.303683000e+00 
2.547553000e+00 7.725981000e+00 1.424081000e+00 
9.513382000e+00 1.169551000e+00 4.704561000e-01 
4.238764000e+00 3.947928000e+00 6.731570000e+00 
3.886889000e+00 4.313929000e+00 6.540348000e+00 
5.605319000e+00 1.969876000e+00 6.446337000e+00 
3.894328000e-02 8.967666000e+00 8.713968000e-01 
6.394880000e+00 4.437105000e+00 3.610095000e+00 
4.294506000e+00 6.829880000e+00 1.992112000e+00 
9.280449000e+00 2.850115000e+00 2.849506000e-01 
8.265069000e+00 1.085146000e+00 4.161124000e+00 
1.198924000e-02 8.672617000e-01 9.042545000e+00 
2.220228000e+00 8.035759000e+00 1.280968000e+00 
5.692548000e+00 3.122853000e+00 5.576178000e+00 
5.924948000e+00 4.556183000e+00 3.956310000e+00 
4.680569000e+00 3.276032000e+00 6.525491000e+00 
2.010838000e-01 5.452112000e-01 8.119988000e+00 
1.168373000e+00 5.140265000e+00 7.075445000e+00 
3.533565000e-01 5.851677000e+00 5.699517000e+00 
7.671376000e+00 2.526489000e+00 6.882507000e-01 
4.168328000e+00 4.276278000e+00 6.467329000e+00 
7.869229000e+00 4.267251000e+00 5.166751000e-01 
7.547479000e-01 1.144308000e+00 7.940480000e+00 
4.839458000e-01 5.432674000e+00 6.168825000e+00 
1.946875000e+00 7.844473000e+00 2.858292000e+00 
7.213493000e+00 2.515884000e+00 9.877588000e-01 
4.918977000e+00 7.510560000e+00 4.966730000e-01 
7.482600000e+00 1.949416000e+00 3.068347000e+00 
4.253785000e+00 5.348005000e+00 5.946556000e+00 
1.157693000e+00 7.534907000e-01 7.551274000e+00 
1.755787000e+00 5.801905000e+00 5.866934000e+00 
1.794498000e+00 7.130965000e+00 4.031362000e+00 
1.279822000e+00 6.199777000e-01 7.669418000e+00 
3.841884000e+00 4.233009000e-02 7.511464000e+00 
4.541239000e+00 1.249482000e+00 7.212354000e+00 
6.943916000e+00 2.598350000e+00 5.071201000e+00 
5.989341000e+00 6.080442000e+00 1.734591000e+00 
4.863823000e-02 3.213265000e-02 8.967795000e+00 
8.197650000e+00 1.106358000e+00 3.397912000e+00 
3.179050000e+00 8.217673000e+00 9.001162000e-01 
2.103490000e+00 5.141320000e+00 6.441516000e+00 
4.685447000e+00 1.702147000e+00 7.123906000e+00 
3.086409000e+00 8.235386000e+00 7.539263000e-01 
2.495064000e-03 6.780058000e-03 1.004585000e+01 
2.634093000e+00 5.074122000e-01 7.750170000e+00 
6.739886000e+00 2.301922000e+00 5.197689000e+00 
2.092549000e+00 8.685218000e+00 7.830970000e-01 
2.159785000e+00 6.213495000e+00 4.999133000e+00 
9.239329000e+00 8.719088000e-01 4.762111000e-01 
7.724662000e+00 4.327318000e-01 4.476027000e+00 
2.960067000e+00 5.358975000e+00 5.070013000e+00 
9.327086000e-01 7.081573000e+00 5.055514000e+00 
2.693155000e+00 2.114893000e+00 6.871971000e+00 
3.541275000e+00 5.756285000e+00 4.127233000e+00 
7.934930000e+00 2.754564000e+00 2.879735000e-01 
6.331718000e+00 4.192061000e+00 4.630032000e+00 
1.204659000e+00 8.272921000e+00 1.514976000e+00 

3.670860000e+00 3.331649000e+00 6.735849000e+00 
6.154004000e+00 3.901300000e+00 3.023180000e+00 
1.929113000e+00 3.830464000e+00 7.510199000e+00 
8.773825000e-01 8.668616000e+00 3.496670000e-01 
1.578290000e+00 4.273031000e-02 8.147434000e+00 
1.318352000e-01 7.070617000e+00 5.229566000e+00 
4.000856000e+00 1.013800000e+00 7.701729000e+00 
3.117880000e+00 5.427488000e+00 5.619701000e+00 
1.689062000e+00 1.178030000e-02 7.914966000e+00 
6.073495000e+00 2.826892000e+00 6.030742000e+00 
6.011372000e+00 3.405821000e+00 3.653146000e+00 
6.783695000e+00 4.818686000e-01 4.421855000e+00 
6.295421000e+00 1.795452000e+00 5.854292000e+00 
7.577562000e+00 2.517807000e+00 1.424083000e+00 
5.158598000e+00 4.814580000e+00 3.538881000e+00 
3.443485000e+00 6.511289000e+00 3.514953000e+00 
3.634704000e-01 7.441911000e+00 3.263747000e+00 
2.114994000e+00 4.412119000e+00 6.353129000e+00 
9.011243000e+00 1.534949000e+00 5.162736000e-01 
4.645396000e+00 5.387715000e+00 4.629822000e+00 
6.347785000e+00 1.730517000e+00 6.139297000e+00 
6.487086000e+00 5.500791000e-01 6.812129000e+00 
8.761096000e+00 3.733796000e-01 8.571972000e-01 
7.031248000e+00 3.211041000e+00 2.729629000e+00 
3.973903000e+00 3.307004000e+00 6.811104000e+00 
4.632981000e+00 7.256256000e+00 3.703314000e-01 
2.239138000e+00 3.467825000e+00 6.981109000e+00 
6.562705000e+00 3.262085000e+00 5.220297000e+00 
6.054278000e+00 5.433561000e+00 2.562105000e+00 
7.169344000e+00 2.270531000e+00 3.063828000e+00 
8.783202000e+00 2.381222000e-01 4.748064000e+00 
2.077432000e-01 6.133719000e+00 5.084024000e+00 
2.178435000e+00 6.107603000e+00 5.402417000e+00 
3.044323000e+00 3.939761000e+00 6.457185000e+00 
7.708914000e+00 4.585972000e+00 1.121113000e+00 
2.946031000e-02 3.137915000e-02 9.692601000e+00 
2.074472000e+00 2.372437000e+00 7.021917000e+00 
2.276741000e+00 6.860205000e+00 3.230321000e+00 
9.678276000e+00 9.598156000e-01 8.480468000e-01 
8.588764000e+00 2.329067000e+00 4.961805000e-01 
6.913291000e-01 4.855965000e+00 6.948302000e+00 
5.469733000e+00 3.038037000e+00 5.247493000e+00 
2.295068000e+00 7.014840000e+00 1.266044000e+00 
3.462013000e+00 7.441898000e+00 7.690908000e-02 
1.119869000e+00 8.038529000e+00 1.746642000e+00 
5.678596000e+00 1.362396000e+00 7.139289000e+00 
4.863935000e-01 5.826517000e+00 6.712042000e+00 
5.105049000e+00 4.855773000e+00 5.953152000e+00 
3.474783000e+00 6.601439000e+00 1.569197000e+00 
7.086421000e+00 5.313166000e+00 1.122984000e-01 
3.895267000e+00 1.371987000e+00 7.019049000e+00 
9.657165000e-03 6.336731000e-02 7.711082000e+00 
4.659397000e+00 3.697073000e+00 6.694743000e+00 
5.299218000e+00 2.313003000e+00 6.575649000e+00 
2.802594000e+00 3.550795000e+00 6.814894000e+00 
5.166109000e+00 7.249837000e+00 9.332157000e-01 
5.098369000e+00 3.883018000e+00 6.288058000e+00 
7.620519000e+00 1.826230000e+00 1.595194000e+00 
3.677439000e+00 6.459542000e+00 4.285035000e+00 
6.628879000e-01 1.642753000e-02 8.932656000e+00 
4.920431000e-01 4.195931000e+00 7.326327000e+00 
1.867689000e+00 5.587551000e+00 5.609837000e+00 
7.097258000e+00 5.111671000e+00 1.245102000e+00 
6.325625000e+00 2.085173000e-01 7.439521000e+00 
3.027006000e+00 4.983576000e+00 5.623450000e+00 
4.415585000e+00 2.547386000e+00 6.923299000e+00 
6.562961000e+00 3.230887000e+00 4.509025000e+00 

