7.780312000e+00 1.592774000e-01 3.203131000e+00 
2.587236000e-01 1.160212000e-01 8.244599000e+00 
4.034115000e+00 2.274864000e+00 7.027669000e+00 
4.430179000e+00 2.485904000e+00 6.803111000e+00 
8.464515000e+00 2.666842000e+00 1.395986000e+00 
2.804844000e+00 2.964998000e+00 6.630140000e+00 
6.946154000e+00 4.010538000e-01 3.607003000e+00 
8.718594000e+00 2.771098000e-01 3.833659000e-01 
3.777197000e+00 5.013119000e+00 5.802001000e+00 
3.895089000e+00 3.174222000e+00 6.379247000e+00 
1.389264000e+00 2.784142000e+00 7.467502000e+00 
1.919966000e+00 2.604520000e-01 7.643326000e+00 
5.143145000e+00 4.890713000e+00 5.778034000e+00 
4.771308000e+00 3.121223000e+00 6.568715000e+00 
3.835675000e+00 4.692158000e+00 6.210326000e+00 
5.519045000e+00 3.701300000e+00 4.985933000e+00 
5.824962000e-01 6.143672000e+00 6.798731000e+00 
6.122430000e+00 2.591364000e+00 5.249956000e+00 
2.914437000e+00 8.584628000e+00 7.700118000e-01 
2.283086000e+00 7.383952000e+00 4.714517000e+00 
7.958576000e-02 5.333228000e-01 1.122472000e+01 
2.780769000e+00 3.013476000e+00 7.202993000e+00 
5.545209000e+00 6.873010000e+00 1.894642000e+00 
5.323292000e+00 2.745071000e+00 5.606917000e+00 
2.814622000e+00 4.690787000e+00 6.577012000e+00 
1.124785000e+00 2.025215000e+00 7.912183000e+00 
1.704244000e-01 2.851701000e-02 9.736416000e+00 
6.166781000e+00 6.842794000e+00 4.823568000e-01 
3.773955000e+00 7.303627000e+00 1.302876000e+00 
3.898855000e+00 1.147025000e-01 8.364990000e+00 
1.518690000e+00 4.061254000e+00 7.084818000e+00 
5.121155000e+00 1.207831000e+00 6.176789000e+00 
2.185744000e-01 5.390253000e+00 7.103934000e+00 
3.999706000e-02 6.875372000e+00 5.048491000e+00 
1.418677000e+00 5.715228000e+00 6.311340000e+00 
4.641254000e+00 7.269508000e+00 1.281795000e+00 
6.392564000e+00 4.113629000e+00 3.981003000e+00 
1.888567000e+00 6.538896000e-01 8.234488000e+00 
2.337881000e+00 7.269322000e+00 3.850378000e+00 
1.529304000e+00 1.125523000e+00 7.987866000e+00 
2.152647000e+00 7.571547000e+00 2.799649000e+00 
2.731023000e+00 4.130664000e+00 6.739662000e+00 
6.405106000e+00 6.326929000e+00 1.077186000e+00 
6.430420000e+00 5.964400000e+00 3.718969000e+00 
1.722444000e-01 7.755961000e+00 3.134185000e+00 
7.106787000e+00 5.260393000e+00 8.928809000e-01 
3.267535000e+00 6.394829000e+00 5.066140000e+00 
1.925069000e-01 1.300425000e-01 8.800249000e+00 
3.795189000e+00 7.332766000e+00 5.567061000e-01 
2.669460000e+00 6.921734000e+00 1.503154000e+00 
1.494665000e+00 7.576897000e+00 2.734978000e+00 
6.901917000e+00 4.353178000e+00 3.141250000e+00 
4.425707000e+00 3.649168000e+00 6.233823000e+00 
6.229910000e+00 6.247342000e+00 3.754628000e+00 
3.176950000e+00 8.561636000e+00 7.460481000e-01 
4.896182000e+00 5.478362000e+00 5.061599000e+00 
2.415492000e-01 6.718547000e-02 8.523393000e+00 
4.897878000e+00 6.275767000e+00 3.001111000e+00 
8.412497000e-01 2.686354000e-02 1.003326000e+01 
1.003829000e+00 4.868853000e+00 7.678606000e+00 
2.219926000e+00 6.315271000e+00 5.969687000e+00 
9.578805000e+00 3.119833000e+00 2.533477000e-01 
4.819606000e+00 2.183770000e+00 7.577993000e+00 
3.788280000e+00 4.876940000e+00 6.099363000e+00 
3.699467000e+00 6.646260000e+00 2.694110000e+00 
6.446826000e+00 5.417422000e+00 2.011829000e+00 
1.679755000e+00 5.473816000e+00 6.096842000e+00 
2.616234000e+00 9.197863000e+00 7.150562000e-01 
8.315536000e+00 5.936557000e+00 4.211096000e-02 
1.672081000e+00 6.218268000e+00 6.102622000e+00 
5.270935000e+00 3.143042000e-01 6.511295000e+00 
2.973924000e+00 4.518212000e+00 6.348365000e+00 
7.436043000e+00 3.153724000e+00 7.155388000e-01 
3.221909000e-01 1.478134000e+00 8.124066000e+00 

4.448819000e+00 3.324518000e-01 7.670148000e+00 
5.421398000e+00 5.749581000e+00 2.294177000e+00 
2.411920000e+00 1.809368000e-01 8.522602000e+00 
2.501253000e+00 8.036599000e+00 1.676573000e-01 
5.544158000e+00 7.045971000e+00 2.247989000e+00 
6.476157000e+00 4.605938000e+00 3.225597000e+00 
3.515847000e+00 5.733249000e+00 5.341331000e+00 
4.428141000e+00 7.717724000e+00 1.281501000e+00 
4.841507000e+00 1.403173000e-01 6.774810000e+00 
2.625631000e-02 2.401958000e+00 8.992033000e+00 
2.531177000e+00 7.962945000e+00 3.302807000e+00 
3.689372000e+00 4.695195000e+00 5.759324000e+00 
2.077484000e+00 6.936163000e+00 3.529437000e+00 
1.869901000e-01 1.503093000e-01 8.846548000e+00 
9.006672000e+00 2.615378000e-01 3.443558000e+00 
3.682696000e+00 6.377148000e+00 3.498728000e+00 
6.512512000e+00 4.115493000e+00 2.930019000e+00 
5.964202000e+00 2.321847000e+00 4.443354000e+00 
2.653078000e-02 3.640844000e-01 9.201901000e+00 
5.784852000e+00 1.992047000e+00 5.361431000e+00 
4.588427000e+00 7.402361000e+00 3.211248000e-01 
5.775061000e+00 3.110824000e+00 4.953195000e+00 
7.547292000e+00 3.865736000e-01 3.337010000e+00 
2.482466000e-01 9.300991000e+00 3.669833000e-01 
3.140903000e-01 7.394219000e+00 3.354952000e+00 
4.021882000e-01 1.637034000e+00 8.650721000e+00 
2.885628000e-01 4.495500000e+00 7.356279000e+00 
6.057677000e+00 4.692879000e+00 9.115890000e-01 
4.659682000e+00 4.186944000e+00 4.607603000e+00 
5.793327000e+00 6.927585000e+00 2.170344000e+00 
2.072421000e+00 5.334376000e+00 6.161998000e+00 
2.453052000e-01 1.115206000e-01 9.022207000e+00 
8.694052000e-02 3.149282000e-02 9.334149000e+00 
5.413721000e+00 1.278114000e+00 6.358957000e+00 
3.329176000e+00 9.458300000e-03 8.333773000e+00 
7.386397000e+00 4.031673000e+00 2.803792000e+00 
4.296981000e-01 5.623985000e+00 5.468730000e+00 
3.477144000e-01 1.719436000e+00 6.199437000e+00 
1.041011000e+00 2.353103000e-01 8.491281000e+00 
8.023823000e+00 3.981836000e+00 2.340531000e+00 
2.787081000e-01 4.191970000e+00 8.322878000e+00 
7.516333000e-01 8.705328000e+00 8.865626000e-01 
8.702505000e+00 1.731985000e+00 2.741378000e+00 
3.281677000e+00 1.095451000e+00 7.391494000e+00 
1.178441000e+00 1.103064000e+00 7.853436000e+00 
9.294181000e+00 1.507012000e-01 4.478369000e+00 
7.440743000e-01 7.259408000e+00 3.658126000e+00 
8.556924000e+00 4.501832000e+00 8.398633000e-01 
7.447023000e+00 4.208871000e+00 1.014870000e+00 
4.467623000e+00 4.105014000e+00 5.730463000e+00 
9.684384000e+00 2.831066000e+00 2.075884000e-02 
3.343335000e-01 2.842383000e+00 8.489530000e+00 
9.862166000e-01 1.279508000e+00 8.117151000e+00 
1.470172000e-01 6.319431000e+00 5.145074000e+00 
6.916436000e+00 1.845259000e+00 4.622413000e+00 
5.365429000e+00 2.935178000e+00 5.414788000e+00 
5.640597000e+00 1.430914000e+00 6.049440000e+00 
1.952867000e+00 6.865761000e+00 4.678554000e+00 
7.822418000e+00 5.548508000e+00 3.650117000e-02 
5.998968000e+00 5.138366000e+00 3.462748000e+00 
9.077281000e+00 6.333331000e-01 1.260371000e+00 
9.294809000e+00 1.368341000e+00 2.395672000e-01 
1.200130000e-02 1.304240000e-01 9.535134000e+00 
6.062554000e+00 1.238142000e+00 4.947450000e+00 
4.462487000e+00 5.204812000e+00 3.164660000e+00 
4.697441000e+00 1.331799000e+00 7.096753000e+00 
3.015619000e+00 3.457685000e-01 7.719812000e+00 

