3.240590000e-03 6.774387000e-03 6.623355000e-03 3.423764000e-02 2.764435000e-02 2.969337000e-02 2.132824000e-01 2.663410000e-02 7.576639000e-01 6.143763000e-01 
1.708503000e-02 7.171828000e-03 1.327038000e-03 5.314303000e-04 5.204185000e-03 8.976502000e-02 1.309750000e-01 3.065563000e-01 8.577125000e-01 6.332229000e-01 
9.640862000e-03 8.146645000e-02 3.628921000e-02 3.741832000e-02 2.451511000e-02 6.303306000e-02 5.466453000e-01 5.183106000e-01 4.954772000e-01 4.229858000e-01 
7.143832000e-04 1.075904000e-04 7.918384000e-06 5.433054000e-04 1.400154000e-03 5.073095000e-04 1.200634000e-01 5.298398000e-02 7.930867000e-02 1.129191000e+00 
1.111123000e-01 4.045671000e-01 5.246149000e-02 1.230807000e-01 3.278784000e-01 5.155325000e-01 1.303922000e-01 2.868123000e-01 3.987429000e-02 8.834309000e-01 
3.598328000e-04 3.837826000e-03 1.403587000e-03 1.061256000e-02 2.034222000e-02 5.064927000e-01 7.163639000e-01 4.788609000e-01 1.688732000e-01 2.134747000e-01 
1.491430000e-03 5.670945000e-04 6.780110000e-04 2.147409000e-03 1.014930000e-03 1.186350000e-02 1.149755000e-01 6.586978000e-03 4.980616000e-01 8.900640000e-01 
2.378175000e-09 5.596260000e-10 6.119636000e-09 4.188756000e-07 3.530965000e-06 3.236480000e-04 1.744078000e-04 5.090135000e-03 3.528581000e-03 1.185289000e+00 
9.138746000e-04 5.055259000e-03 2.775447000e-03 1.186902000e-02 2.016084000e-02 5.763226000e-02 5.952234000e-02 2.457485000e-01 8.716912000e-01 7.730118000e-01 

