3.910946000e-01 8.430145000e+00 
2.917630000e-01 8.641734000e+00 
3.004015000e-01 8.555782000e+00 
9.994502000e-01 8.164021000e+00 
6.552248000e-01 8.177592000e+00 

9.966749000e-01 8.224394000e+00 
9.020010000e-01 8.326477000e+00 
9.265057000e-01 8.297500000e+00 
9.558951000e-01 8.262033000e+00 
3.087138000e-01 8.650782000e+00 
9.383039000e-01 8.288209000e+00 
4.516803000e-01 8.378759000e+00 
3.093458000e-01 8.428054000e+00 
9.996314000e-01 8.113516000e+00 
9.587570000e-01 8.230857000e+00 

5.330873000e-01 8.448665000e+00 
4.464013000e-01 8.466172000e+00 
9.054295000e-01 8.176223000e+00 
9.839626000e-01 8.157172000e+00 
8.546555000e-01 8.293472000e+00 
2.831606000e-01 8.628866000e+00 
2.808976000e-01 8.638919000e+00 
6.307377000e-01 8.322082000e+00 
3.413887000e-01 8.579708000e+00 
8.261373000e-01 8.317737000e+00 

9.508414000e-01 8.181240000e+00 
9.466406000e-01 8.364074000e+00 
9.467000000e-01 8.306338000e+00 
9.222139000e-01 8.367739000e+00 
8.872309000e-01 8.378460000e+00 
2.810661000e-01 8.493452000e+00 
3.199423000e-01 8.390166000e+00 

