0 12658 12696 13623 13492 13354 13214 14038 13160 13503 12947 00010111111111100110010110011111110010010101000111001001100000011100101110110010010000111000001111011011110000001101001001011001011001111001010001011100111110001000000100011000100100111011001000000001101011110111100110010110001011000110101100001110100000000000110000011011100001100100110011010111100100111101110110100011001011111010100010010001100011011111111000110100101111110111011010000110100100100000010101111001100111000001001111110011000110101110101000100011111100001100010010000000011101011111
1 12633 13156 13246 12480 13722 13361 14001 12757 13563 12934 00110101001011000111100111110101111001110001001000011011000000010101011011000110011001100010110100011111001011100000001010000011000010000110101110000100000001111011110110000100100001001010001110100100100010101011111101101011111001001101100101001011101111010011101110010101001111101001101000101110001111000001111111010111001100101110000000110101110011110011111001011111011010011110000101001001110010010101110100110011001101101110010001000010011111011011100101100111011100011001111010011001110111000010
2 13181 12598 13330 12538 14093 13255 14087 12470 12591 13176 01100011111011101001100111100111111111010010111101000110110000111010010101111010000001000101110100001010011011011000110000101010010010000001101100101000010010010100100000100111011110011111101011011110110010011111111101001000110101000000101000000110101000101101100010001110010010101110110011001100101110000001100010101110100010111011011000000100100010111011011001110001001010010100011011000100110110001111100010001111011110001001010111011111111101000000000000010001110111010001110000010010110101110100
3 12953 13234 13960 13175 13962 13080 14010 13688 13741 13157 01111001001001110100100111101101111101000001100010101110100001001111111010110000111010001110010010110110101000111000101100100000101110111001111001110100001010000110000111101011010001100011110110001110001111100111101110100000010101000000110011110001100000011001010111111010100011001000010011000111110010110111010011100110010010001100111011010000011000000011000000000000100010011001000100110110001111100110110100000101111011111011000001101111110110110011111110011101011100100100111010111011100011010011
4 13083 12678 14201 12631 13913 13515 14742 13329 13427 12823 10111101111000011110101010000101111111000110000011110001000100001111100101000111101111100111111111100100111100110010000100111111000101110111101010001101111100111101000110010100010100100010100000111010010110111011101111000011100011111101100000011010111110001110100100010101101000101101110101100110010100000111110100001110000101101100000100001001000001000101100000101011000000011001100010110111111110100101101101000100011111010101111001100000000000000011110101100101100110101001111110100000101010101100
5 13514 12860 13580 13151 13963 13625 14168 13157 13511 13607 10100111111000101010000110001111100001011101011100001100110101100100111001111111000110111011001010011010010111110111111110100000111101101000000011110011001100000110110011011111010011000000001000110011101010111001000011111101000000110101101111110101001011000000001111111000010011100000000010001010001010110111111010000011100001110111100000101101101011011000010011011110110000101101110111101010111101100000100001110000100001101010110001010110111110110011101111111111101100110100101011000000111111101010
6 12194 13508 13937 12475 13957 13224 13961 13052 13376 13168 11110100011111001001100110110111001100110111111101001111111000001010010001101111110011010111001001000001101110010010001101001001110100101011110100110110001100101111111110010111111001101100110100001011100101100011111100001010110000011001000111010001001010000010111100010000011010111110101110000111000011110001001111010111011011010001011000001001000000101111010101011011001110010111100101011100101011100101110000101101110100011010010000011010110001100110100000101111010000011111010000100000000000101001
7 13214 13434 13695 13013 14036 13455 14042 13105 13198 13428 01111110011010011101111111001101010101100010101010011010111001111010110000100110110000011100110000001100100011101001011001101101101100100101101110011110000101111011000100101010100111000001101100111111001011001101100100101001001100100001010110000101010110011011000111111110100010111000010011100101011101101000000001010110111101110111000001011110000110011100101000001000110111011011010011010010111100010011101100010100011000110010110110110001111001011101011000100111011010011110111110010101111111110100
8 12877 12885 13608 12376 13730 13155 13240 13328 12879 12895 11101011000110011101001011110011111110001010000010110000100100001011111100000000110000000000111011111001101010000011011101111101010101100001110101011101101010100001111100010000011100100110111111010011000011110101111001110010000101011010011000101110000111011011011100000001001011001001101110111000100111011011111101000011010011010101110000011110110111100000111000101011011010010010000001101000010001010110001110110001011101101011110010001110010000100100001100101001011000010010111100010111101100011100
9 12776 13001 13162 12622 13925 13021 13958 13326 12712 12969 00101110100000111001101111101111010001000100110101110011010111111110100000100100011000000011001101101000110110100100010010001110010001011001101100001011011000000100111010110011111011101000111001010000000101000000010101101001011111001000100011011111111001111110011001100100000101111111011100011010100001010110001011000101110111010011100111000000110101101100100010111110111110101000001110000000101010000001000011101011001110101100111100100010100110000010110001001001010101110100110010000100111001111001
10 13057 13757 13993 13058 14075 13414 14398 13340 13716 12273 10101001110011110000010010100000010011100010110010010101110100100000101000001011110011101001111111111010100111011111011111001001111101111011010010101000011011110001101100110111101010111000111000001100111110100110111010111110111010001000011111100111100110010111100100010101010111001111010110111111011111101110001000100000011111100011000001001011100100010010100111110100101110001110011110111100100100011100110110110100011110001101000111010111001010100111101011111011101000001011011001111100000000001011
11 12660 12763 13705 12843 13813 13265 13574 13295 12709 13409 10000100011101000011000101001111110010100011001011001100000011111011000111010001100110100100000001110101111111111101111000010011010000001111101001001001011110001110010010101011001100111001111110110010011001001000011100110000101111001101000000010000111100111100100001111110001010000000100000111010111111111101111100010000110111110100001010111101111011111101000111011101010101100000011100010110110110011100010100000010001101110101110101110101001011111111000001100010101000111100010101110010010010111110
12 12346 12416 13449 12593 13679 13408 13605 12587 12927 12409 11110011100010001101111111100000001101001111111110010110000111110101010000001011111110100001010101011101100111101001011000011100011000101010000100010011011001011000110001000110001111001010100110100100100100001011101101101010011011100100001101001010101101010101010110000111101110111000001010001001001101110001100111111111010100110111000011001000110110110110111000101110011001101100110100011111010101111000011111001001001101100111100111010110110001010110000000111000110000001100101101111001001010001110
13 13102 13804 13343 13400 13994 13421 14121 13508 13400 13337 00010001101011111110000111001101001011110001111110011110011000111110110110110010100111000101100010101001101110000000000010011100101010100101100010100110010111100111110100101101001110110001101010110010000001001100010001101101000001010111010010110100011011110000011101010110110000110001001001010101010100001000110100001001101001110011001000110110011101110001111000010011011100010100110100100010110011100111110001011011101110000001000111011111011001110111010000001010000101111011011001110101011100001001
14 13069 12478 13434 13111 14205 13327 13821 13381 13410 13309 01010110010100110101001011100101000000110011000111001100111001110000110111001101111010101010110110010010011011100110100000101101010001101011101010000111110111011101110011010101100000000111001011101111110101101010000011001101101001110001100100100010010001111101000101101101000001010111000111011110001101100111000111001111001100000100000110000011111101010110111000010101101111100101111110011010001010011000100011010011010011100111100001000111101100010101110111101010101101111000110110100101110011110000
15 13339 12716 13281 13446 13407 13648 13378 13106 12667 12666 00011001000011011110011110011101001011100101100011101000111110010001011011110000011111110101111011101101100000111001000001000000000100110001010001000100010011011011101011110001111100011011000110011010100011100001000010111010101001111100011100111110010100010000110110001011001100010111101101001000011110101010101010100001000101001100001110011110011111110110101011101011100011000110100101011111101101011001001001101111000010001101101111110001111101011111000100111010001111001101000000101011001110100111
16 12918 12902 14279 12897 13759 13653 14121 12493 12967 13067 01011010100010000011100000111010010100100001001111001110001101010101101001010011101001101100001100001000100001100110000010111000110011000011001000010110001110011010101110101001011111111111111011111011001000111010111100101011101110001000000111000001101110111000110000000101010111010001011010000110000111100111111011001101110101101011101100100010011100000000001001100101100011110011100110010111110100101110000111000011011111100101011110111000010010000101010111011000100001000111010000010101101000101001
17 12847 12913 12927 12765 13889 12863 14224 13514 13360 12573 11010010101011111010001110100000111011111010010111000100000100111011010110000000001101101110001011100010100010011111101001110110010100000101111110001010001011001100100011110111010101001000111101100101101110110011101100110111001000010010111011101111111000111101110111111110110000000001101011000010011101010100010001011101011101100101011000101000100101010000101010001111101100001001110111111101101010111111010110100001101111011011010101110010101110010000111111000101000101010100111010011011111000110010
18 12722 12777 13089 12642 13351 12815 13109 12372 12752 12744 01011010011111100000010000001110111001100001010000000110001100111100010110110101010101110000100100111100010010101010111010001011110001000110111110111111100010001000110000100011111000011000001111001110101100100000100010111010001110000101011010001110100100110011010110110101110100000111010011001100100111110001011101000110111001100101010101000000111100000101110110100100101100001000000100100101110000101110100000011010100100101100010100111000001011001000110010100011111011000011110101101111001111001100
19 12705 13109 13498 13295 13809 13044 14061 13694 12926 12642 11111011000110100010110000110101100010000110110000001100100101011100001110100000010001101101001001101010111110000001011011010111010110001110010001011110101011000010100000100011010110110000000110100100001010111001010100100111000001101000101111001111111001011010110101110101111001100101010010111101100111111111011100011101111111000101110000011000011010001100101101100001000111010000010101010110000101100101101010011110011011101111100001010111000111111110100000001100000100000101110010101011011000110101
20 12816 13663 13824 12528 14829 13441 13944 12722 13730 13099 11110111101100010111110001100010110101001010100010000000100000010111011001111011011010011101011000110110111011000100010101110011010110101111011110111010101001111000011000110001011000011001111111001100110000110110100000000110100111011011011100110001110010010101110011100111111001011010000000110010011101010101100010110111010011100011111001100101000110010000110011111010000101001110110011011001000111111001110001100000110010000011111110111101100100000011110011111111101001011011110101100100100111111011
21 13138 12952 13222 13644 13653 13957 13860 13799 13614 13211 10110010010101111101100111011011000111011000010110101100111101001100110010110111001100111101110011100110001001101110111110100111101101100100110111101000110111000000001001011100111001001110101110010111100111000011000111010111111011111101011110111110110011001100000001100001101100110001101010101001110101101011111110010000100001011010100010000000010000101100111011001111001100111100010111100111000011100111010100011011000001011001001011110011000001000010110100011000100000110101100100001110001111001110
22 12893 13635 13672 13302 13700 13470 13772 13038 13576 12785 10100100000110111111011101000100000111101110011011010101101100110000100100000011111011100111010000111111010000001100101100000110000101101010010011101000100101000010011010000001001001000111011111100000100111111100100010101011111010000100010000101101110101101100111000011100110111010000000111000011001011110100111111000111000101111011100001010110110111100101010010111110100111011011001011100000010010000000000101011011111011100100100011011110001101101010101001100011101110111111100011100011010111101011
23 12973 12920 13698 13600 13833 13727 14117 13457 13098 12967 11001000000000010001111000101010001101111010001011010101110101100011101100101111101011111101101001101000101111001101000001110110011011000111001010100000000010111010001011001011001110010101111100010100101011100111101010011100001101110101010010000110111100101111111111111100101001000000001011001100110110011111010100010010111011111100101101110101010111001111000110011001101000101100101010101011001000000100110111101111011111001100100011010100000000101010000101001101010001000110100010100011101010011001
24 12885 12231 13534 12646 13879 13208 13770 12862 13025 12929 01000100010010010010001011100110001100101010100100010111100100010101001111001100101010011000011100011000110100111001100101010001000010101100010100000101000000111010000001110111101011111100001101100010110001101011000001001011100110001001110101010110001100111110110011011111100110000101010100001111001110111010011111000101100111101001110011101001101001011011101100011101010010110011100100010011011011000000110000100010000011101010010100010011011011010000100011110111010010011110100100101010100011010101
25 13110 12871 13081 12292 13426 12728 13768 12494 12933 12118 10010011001111000100000011110001110100101000000001001101000011001111000110110011111010010000000001100001000100011001000111101100101101011000010011100010110111100010000000010101000001001010010000100111011001000011011101110111111001110011010001101110001101000001110100100110110100100011111010100000001000101011000111011111110011001001100001000111111010110011101000010001011000010111011010000010100010111011101111100010101101001000110000010110011110000101101111001010010101010100101001110100100111111110
26 13405 12853 13707 12653 14254 13263 14187 13277 13726 12507 11100110001010000101010111101001011110101011111101001100010001101111011100001010101011101110100000100000000000100010001000011101010000110001110001010110000110111100111001011011000000100101111101111111111000000110011001000000100110010100011101100111001101101011001001000011111101011000000001011111000101001001110110101101000010000011110010011100110101011101101001000011011001101010101110010011101000110111000100100110100000100000100011000010110010110111101111010001101011001110101011101101111111111111
27 13214 12976 14236 13380 13893 13851 14002 13493 13920 12952 00111001001011110001101010011100000000110101110111101011110110100101011010001101100000000010000100100111100110100111010001010011101110111100011111111011101010100100011111101110011011010111110000001011011100110111100110111110100100001100011011011101000110010101110100110101101111010111100011100101110100111001011000001010001001101001011100110001100011111010010110100001110011111111000010010001110101100100011011101000010110111110000100010111010010101111110100110010011101110100010100101000001000110100
28 13372 13892 14124 13319 14706 13554 13857 13619 13567 13156 00011011011100010001110101111001000011001011001101111110101001110010100100110001000110001001111000001111100111011111011101011001010001110011001001101011001001110111111000101110100010110011010110011110011000010000010100011101110111110101101011001001100101000111111101100000011111110000110000010111101011010100111110011111111110110011001001111111110000000110101011011100111111000111111011010111110111100011100011111011110111111100011101101100101101100100011011010011101001001000111001010011001100011100
29 12857 12414 13605 13281 13383 13345 13840 13731 13365 12874 10011011011000110101000010001010111101000111010110011000001110000000101001100111010110101100101101000000110111111010110000111110110101111010110010101011011011001011111110111001000101111110110000000110010010100111110110100010111011010010111111110100000010111010010100111011100001100100011100000110110101000110000101101000110000110100111100101001010100101001101110001111010110010011111010010000001010010000110001111001100110010110011000000110001010100101001011111100100011000001000110111100010000001101
30 12646 12680 13718 13293 14227 13309 13787 13547 13202 12748 01010011111100101110110000111110110001111000110111101000111011110000111100010001000001011000100100000000100111010000100110011010110001111100110100001010110011110010100000111100100111000010101001101101011010011000101011001000100111111110111010110011100111001000010101101111100010011000101011111110110001100001100011110010010101010101011100011100001101100101001111001011001100010000011110010110111011100100101110011000010111101001001011000001011011111110100110011100101110111010010101100010010110001000
31 13138 13257 14009 12952 13847 13563 13856 12719 13570 13101 00010001111010000001011110010000000111100001111000101111100010101110011111011011111011001010100110101111000010101110111000101011011000011100101110000111000011111000101001111011110011000001101100101011001000000000001010000010011100000011001100111100111111010110111111101100101110001010101010000000101011111111111011011011100001011000110101010100101111001001111010110100000100101110011010011111110101010101001000110010011001001101011001110110001001110101111000111100101110000001101110100100100100110010
32 13154 13453 14180 13604 14191 13713 13752 12969 13465 13417 11010111111100000111011000111010001011111111011001000111100000010010001110100001100011111000011000101001111001100101001001110100111101100001001011000110100110011111000110010000110011100101100111100111101000001101010010000100110100000100101101001110111011100110111011110010011111001110000100101001011100100111011111010000000010000110100100000001101110011000101110111001011110110011111011110001101001110100111101110000111101110110010100100100010100110110110100010010011111111011011001100011011000110101
33 12700 12898 13909 13148 14070 13510 13999 13321 12726 12947 00110000101011011010111001100111001010110011111100100000110010111000011101011111001011111011010101010101100010100010001101001101100101011101010001111011010110101100110110110101010100100101010011001110100011000101110110001100111000101111011100110101110110000100011010101101011010111100011001111001101000001000001100001110110100010010001001000000111010110100111011110000001010001010101100101101101111000101010110000001001010110000100101100100101000110010101101100010101011110100110101011110110110010000
34 13825 12792 13905 12779 14155 13068 14067 12986 13252 13133 11000000011100001010010110100100000111110101111000100100010110001110010100010000000001010101011101010101010011110100111100111110111110011110100101111110111100010011000010101110110000101000101001001000111111110001011101111110010001101011010110011010101111001100011001100010000001001001000010010100011111101111011001001011110111000010111010110100001010100001100010101000000110001110001111110101101100110001101001110101011110000010010111000011110101111100111111001110001011011001001111001101001111000011
35 13101 12866 13897 13398 14183 12733 14071 12796 13000 12194 01010110100100111000000011000000100101000010011010100000111111011010010001010010010111010110010001000001000111101110111000010110010100001010011110100101010000001100101100000101001010011100111101101000101111111001111001100001100110110010100111000111000110110100001100100011000111000101110010001111010000000010101111111100011110111111010101111011010110011110111111111101001001100001001010111110001000110011110110110000010011001001110000101010010111000000110100110010010010101101001101100011000110111001
36 12636 13191 13460 12537 13584 13188 14143 12925 13254 12638 11100101111011001011111010011000101001001100010100111011111010110110010111011111100110011001010100011111010001100010001101100111100110011100111110010110001101001110100110011111011001111000110110110010001001000110000000000100111111001000100100010011100010000100110001011110101011101100001000011001011011001110001000111011001000111110011010111000111010000101000111001100110100111001101001100011001110010000100000101001010000000001001111101010110000100110101000111010001010100100000100000001001100011110
37 13152 13098 13492 13533 13703 13622 14435 13442 13786 13524 00100101010101111011011011110101010010000110000011010100001111011001101010101100001110100010001010111010101011100110100110100100001100010100110111100001001100000111011111101000101101111110010010010101100100010111110100101010000010110110010010111010101001101011001100000110101110001110111110000001001110111111010010001101111011100110010111100100111111100011010110111111001100011110001110100110101100011011011100111010100000010011010011110011101010001111111010001001001100101000011011100010011000010001
38 13074 12865 14306 12980 14304 13097 13968 12899 13118 12904 01100101101010101010000111011100100111111011101111101010100111101001110101100111010011111101001000100001111001000011101110000001101100001010111110110010000101010011011010100001111101001011001010111101010000010000111011101110110110010100101000011101000011101100011100100101011001011001010110101110010011000001100110110111110111111000100000101101011110110111000110111010100101011000111101100101000000000010011100011001110111001100100011111111111001011101011010110000011101101111100011001010011011011010
39 13044 12827 13350 13053 13369 13274 13751 13269 13076 12510 01010001010010100101001000101100011010000011111000110111001111101111110001110100110001100001000111110110010100011000111101100101011101010001011011100000011010011010110011000111000110011000010110011101000011001001000011110010010110110110001001110011001010110101110000010111110011010101100111011110001101000000000011001100010000010001001110010000101111100011001111010011011100101011011101101010000011011011000110011011100000101110010111100001001010010011101000000000101101110011100100001001110111011110
40 13328 13228 13662 13260 13948 13728 14169 13049 13253 13562 01100101110001010111001011000110111101001111101110011100101100011100100000110001111111100110001001010100101011100111110111111010101010010101110010101001110101100100100100111111110110010111011100101101110110001101000111000011011100101010001011110110111111100101101100001100110111001000101010110100001101111011010100011110011000000110110101101111001100100101010010111100100010010100000001100010001000010101101011110000100001100000110100101011101111011000010001111101000000101000101111011001010111111010
41 12862 12128 13715 13578 13828 13139 13976 13418 12731 12964 01111101001101110101011110111110001000000000111010100001100111100110101101001101001010110001010011101000000001100111110011010011010010001101000001000101001101110011011000111101101101110001000001110111000101010010001010110111010111100011100100000100000110000000010111011100100001111101101010011001010001010111000100101100100111010110100010111111011100011000110110000000000100101011100001111110111010000000111011111011000100111101111001011110010101101010000110110110101001101101001000011001101110000010
42 12500 12821 13351 12808 13868 12704 13815 12573 12675 12711 10111000001111010100101100010100101100010110111110010001010000001101101010010000011110011000101100001000111110000111001111001001001110000001100100100001100010001000010001011111100100001110111011000110010001000011001110000100010111111010000001001001011100110101101011011001000001110100000010011100001011110000110111011001110110101100100101011110000101001010110000100000110100100001101111110111010100001110110110111100001111101110100110101001110101111111101111111010011001111100100001111011001100010110
43 12934 12934 13297 12470 13600 13018 13255 13045 12960 13057 10000011111001001110111000101101001011010010111100110100100110001010111010111000100110111001111000100100111110010001101001111001111100101001101111100001001101101110111100111000010011111010000110011101110001000100000001000101100101010100111001010100011000011101010111000101111101110110000111001110001011001111010110011001011101001111101011001110010000110100011001101111001110000001110111010001111110010110011111001000000000100011101010100011010101000110001111011011011110011110101110011101010010101010
44 12491 13142 13458 13120 13836 12591 14848 12956 13284 12886 00000101100100010100111100110101001100010100010011100000000110001111000011111100011101011001100001001111000111000001000011100110111100010110001100001100001001111001111000100111101010100101110001100101111001101111101000110010010101000111100001010000000000111000101000011001011011111000011000011101011110001100100111111111101101100010100111010001111010010101111000010100101011011100001101011111000001100001001100101111111001100010101111110100100001110011011011001100101110001011000110011011101100010011
45 12906 13388 13990 13163 14205 13823 14651 13192 14093 13032 00011111011001000010010110100001101000010110110110001011001111000111110101001111100000110100001010110011011101101001000011111001101000100100001101100011111110011111010001101000001000001111011111000101001010110001101110100011100010101110101011100010100111111111011101101110101110101000111101000111010011110010111111000111101011001011000111110100001101001001001111111111101000001001100010011010100100010101111010001110010111001100101000101110101110110110111111101110100000100011101100011101001011010110
46 13278 12597 13665 12935 13664 13148 14229 13135 12700 13562 01001001110111110000001011111101010010101001101011000100110110000001100011010111101101011001111100110000101100111011010011111101111011010110000111100010100100110010001101010000000101110011000110110101010111111001001100010000111010101111000101001111011101111000110101000100001000000111010100010110111111010111011011111011100110001111110110010011011100010110110110000111100000111001111010010100110000101100111000000101010101100000010111100111101000101000110111001100011111111011000010000101001100001001
47 12963 12634 13936 13230 13428 12993 13727 12770 13497 13086 11011100011111110111011010110100011000101011011110100001101111100001000010111011001010000110110011101100110101001010011110101101011010000100100110010101100110000001010000101010010001001011011100001110100101011101001011010111010101000101001001110111000101001010001111000001110110000110110100100101111010100101001001011101000010011010001001001000111010011000101110101111011010011011000100001010110001001111010000100001010011100111110111001101010011000101010110110101111000001011100011101000110111100100
48 12397 13550 13440 13072 13356 13249 14152 13603 13371 13356 10011001011101010001010101000001110111100001001011100011011000001101110010101100001110010001000000001001101010101010100000111111010100111010111011101100101001000001100110101110001110011001110001111000000111010010001101111101011010001100000110111111101000110110110000111010100010001011001010010111111110010010001000011111001110010110011100011111010010011101011010011011110001111000100000000111101100111110110100111101010001000010000000101010001100111110000100110001011110101100011011001110111010111111
49 13293 12784 13904 13137 14160 13362 13778 12859 13263 12873 11010111101000111001100001000100001101011001111110010000000101101100011001011000001010110110101000101011011111000001011110001011010010000101000011110110111111010100101111110001111011100010001001100001101001011110100110111101111111010110111011000101111111000000010011001001101100100011110000100111111101000000010000000010101100110001001011111001101110111111001001110100011101110001100001001110111001011111101110001111111001110110010011001100001100010001011011100100011011011000111101101010101001010111
50 12604 12743 13575 13475 13366 13241 14023 13180 13444 12928 00010111111111100110010110011111110010010101000111001001100000011100101110110010010000111000001111011011110000001101001001011001011001111001010001011100111110001000000100011000100100111011001000000001101011110111100110010110001011000110101100001110100000000000110000011011100001100100110011010111100100111101110110100011001011111010100010010001100001011111111000110100101111110111011010000110100100100000010101111001100111000001001111110011000110101110101000100011111100001100010010000000011101011111
51 12627 12724 13588 13464 13394 13157 13962 13141 13453 12919 00010111111111100110010110011111110010010101000111001001100000011100101110110010010000110000001111011011110000001101001001011001011001111001010001011100111110001000000100011000100100111011001000000001101011110111100110010110001011000110101100001110100000000000110000011011100001100100110011010111100100111101110110100011001011111010100010010001100011011111111000110100101111110111011010000110100100100000010101111001100111000001001111110011000110101110101000100011111100001100010010000000011101011111
52 12625 12695 13633 13475 13354 13254 13993 13216 13559 12902 00010111111111100110010110011111110010010101000111001001100000011100101110110010010000111000001111011011110000001101001001011001011001111001010001011100111110001000000100011000100100111011001000000001101011110111100110010110001011000110101100001110100000000000110000011011100001100100110011010111100100111101110110100011001011111010100010010001100011011111111000110110101111110111011010000110100100100000010101111001100111000001001111110011000110101110101000100011111100001100010010000000011101011111
53 12602 12604 13590 13431 13320 13134 13959 13087 13422 12926 00010110111111100110010110011111110010010101000111001001100000011100101110110010010000111000001111011011110000001101001001011001011001111001010001011100111110001000000100011000100100111011001000000001101011110111100110010110001011000110101100001110100000000000110000011011100001100100110011010111100100111101110110100011001011111010100010010001100011011111111000110100101111110111011010000110100100100000010101111001100111000001001111110011000110101110101000100011111100001100010010000000011101011111
54 12679 12753 13639 13482 13392 13161 13968 13105 13424 12911 00010111111111100110010110011111110010010101000111001001100000011100101110110010010000111000001111011011110000001101001001011001011001111001010001011100111110001000000100011000100100111011001000000001101011110111100010010110001011000110101100001110100000000000110000011011100001100100110011010111100100111101110110100011001011111010100010010001100011011111111000110100101111110111011010000110100100100000010101111001100111000001001111110011000110101110101000100011111100001100010010000000011101011111
55 12684 12741 13599 13472 13413 13178 14012 13190 13496 12955 00010111111111100110010110011111110010010101000111001001100000011100101110110010010000111000001111011011110000001101001001001001011001111001010001011100111110001000000100011000100100111011001000000001101011110111100110010110001011000110101100001110100000000000110000011011100001100100110011010111100100111101110110100011001011111010100010010001100011011111111000110100101111110111011010000110100100100000010101111001100111000001001111110011000110101110101000100011111100001100010010000000011101011111
56 12632 12727 13632 13498 13342 13279 14001 13188 13564 12894 00010111111111100110010110011111110010010101000111001001100000011100101110110010010000111000001111011011110000001101001001011001011001111001010001011100111110001000000100011000100100111011001000000001101011110111100110010110001011000110101100001110100000000000110000011011100001100100110011010111100100111101110110100011001011111010100010010001100011011111111000110100111111110111011010000110100100100000010101111001100111000001001111110011000110101110101000100011111100001100010010000000011101011111
57 12696 12683 13667 13499 13389 13271 14044 13156 13582 12870 00010111111111100110010110011111110010010101000111001001100000011100101110110010110000111000001111011011110000001101001001011001011001111001010001011100111110001000000100011000100100111011001000000001101011110111100110010110001011000110101100001110100000000000110000011011100001100100110011010111100100111101110110100011001011111010100010010001100011011111111000110100101111110111011010000110100100100000010101111001100111000001001111110011000110101110101000100011111100001100010010000000011101011111
58 12655 12699 13644 13493 13400 13280 14076 13194 13566 12947 00010111111111100110010110011111110010010101000111001001100000011100101110110010010000111000001111011011110000001101001001011001011001111001010001011100111110001000000100011000100100111011001000000001101011110111100110010110001011000110101101001110100000000000110000011011100001100100110011010111100100111101110110100011001011111010100010010001100011011111111000110100101111110111011010000110100100100000010101111001100111000001001111110011000110101110101000100011111100001100010010000000011101011111
59 12651 12753 13572 13458 13396 13186 14017 13127 13442 12906 00010111111111100110010110011111110010010101000111001001100000011100101010110010010000111000001111011011110000001101001001011001011001111001010001011100111110001000000100011000100100111011001000000001101011110111100110010110001011000110101100001110100000000000110000011011100001100100110011010111100100111101110110100011001011111010100010010001100011011111111000110100101111110111011010000110100100100000010101111001100111000001001111110011000110101110101000100011111100001100010010000000011101011111
60 12645 12738 13606 13525 13374 13254 14034 13171 13553 12940 00010111111111100110010110011111110010010101000111001001100000011100101110110010010000111000001111011011111000001101001001011001011001111001010001011100111110001000000100011000100100111011001000000001101011110111100110010110001011000110101100001110100000000000110000011011100001100100110011010111100100111101110110100011001011111010100010010001100011011111111000110100101111110111011010000110100100100000010101111001100111000001001111110011000110101110101000100011111100001100010010000000011101011111
61 12680 12681 13632 13487 13358 13226 14055 13151 13521 12869 00010111111111100110010110011111110010010101000111001001100000011100101110110010010000111000001111011011110000001101001001011001011001111001010001011100111110001000000100011000100100111011001000000001101011110111100110010110001011000110101100001110100000000000110000011011100001100100110011010111100100111101110110100011001011111010100010010001100011011111111000110100101111110111011010000110100100100000010101111001100111000001001111110011010110101110101000100011111100001100010010000000011101011111
62 12656 12735 13581 13456 13362 13215 14029 13135 13478 12952 00010111111111100110010110011111110010010101000111001001100000011100101110110010010000111000001111011011110000001101001001011001011001111001010001011100111110001000000100011000100100111011001000000001101011110111100110010110001011000110101100001110100000000000110000011011100001100100110011010111100100111101110110100011001011111010100010010001100011011111111000110100101111110111011010000110100100100000010101111000100111000001001111110011000110101110101000100011111100001100010010000000011101011111
63 12637 12708 13626 13482 13364 13267 14063 13155 13552 12899 00010111111111100110010110011111110010010101000111001001100000011100101110110010010000111000001111011011110000001101001001011001011001111001010001011100111110001000000100011000100100111011001000000001101011110111100110010110001011000110101100001110100000000000110000011011100001100100110011110111100100111101110110100011001011111010100010010001100011011111111000110100101111110111011010000110100100100000010101111001100111000001001111110011000110101110101000100011111100001100010010000000011101011111
64 12641 12684 13600 13473 13391 13244 13972 13192 13491 12946 00010111111111100110010110011111110010010101000111001001100000011100101110110010010000111000001111011011110000001101001001011001011001111001010001011100111110001000000100011000100100111011001000000001101011110111100110010110001011000110101100001110100000000000110000011011100001100100110011010111100100111101110110100011001011111010100010010001100011011111111000110100101111110111011010000110100100100000010101111001100111000001001101110011000110101110101000100011111100001100010010000000011101011111
65 12624 12746 13600 13509 13324 13239 14059 13181 13552 12906 00010111111111100110010110011111110010010101000111001001100000011100101110110010010000111000001111011011110000001101001001011001011001111001010001011100111110001000000100011000100100111011001000100001101011110111100110010110001011000110101100001110100000000000110000011011100001100100110011010111100100111101110110100011001011111010100010010001100011011111111000110100101111110111011010000110100100100000010101111001100111000001001111110011000110101110101000100011111100001100010010000000011101011111
66 12597 12649 13539 13482 13302 13157 14007 13081 13480 12848 00010111111111100110010110011111110010010101000111001001100000011100101110110010010000111000001111011011110000001101001001011001011001111000010001011100111110001000000100011000100100111011001000000001101011110111100110010110001011000110101100001110100000000000110000011011100001100100110011010111100100111101110110100011001011111010100010010001100011011111111000110100101111110111011010000110100100100000010101111001100111000001001111110011000110101110101000100011111100001100010010000000011101011111
67 12670 12753 13581 13517 13418 13188 13963 13116 13496 12912 00010111111111100110010110011111110010010101000111001001100000011100101110110010010000111000001110011011110000001101001001011001011001111001010001011100111110001000000100011000100100111011001000000001101011110111100110010110001011000110101100001110100000000000110000011011100001100100110011010111100100111101110110100011001011111010100010010001100011011111111000110100101111110111011010000110100100100000010101111001100111000001001111110011000110101110101000100011111100001100010010000000011101011111
68 12686 12679 13592 13555 13397 13261 14079 13170 13577 12945 00010111111111100110010110011111110010010101000111001001100000011100101110110010010000111000001111011011110000001101001001011001011001111001010001011100111110001000000100011000100100111011001000000001101011110111100110010110001011000110101100001110100000000000110000011011100001100100110011010111100100111101110110100011001011111010100010110001100011011111111000110100101111110111011010000110100100100000010101111001100111000001001111110011000110101110101000100011111100001100010010000000011101011111
69 12648 12611 13560 13469 13254 13180 14000 13111 13436 12853 00010111111111100110010110011111110010010101000111001001100000011100101110110010010000111000001111011011110000001101001001011001011001111001010001011100111110001000000100011000100100111011001000000001101011110111110110010110001011000110101100001110100000000000110000011011100001100100110011010111100100111101110110100011001011111010100010010001100011011111111000110100101111110111011010000110100100100000010101111001100111000001001111110011000110101110101000100011111100001100010010000000011101011111
70 12625 12688 13600 13458 13381 13226 13982 13119 13460 12913 00010111111111100110010110011111110010010101000111001001100000011100101110010010010000111000001111011011110000001101001001011001011001111001010001011100111110001000000100011000100100111011001000000001101011110111100110010110001011000110101100001110100000000000110000011011100001100100110011010111100100111101110110100011001011111010100010010001100011011111111000110100101111110111011010000110100100100000010101111001100111000001001111110011000110101110101000100011111100001100010010000000011101011111
71 12680 12669 13653 13483 13326 13276 14059 13156 13541 12957 00010111111111100110010110011111110010010101001111001001100000011100101110110010010000111000001111011011110000001101001001011001011001111001010001011100111110001000000100011000100100111011001000000001101011110111100110010110001011000110101100001110100000000000110000011011100001100100110011010111100100111101110110100011001011111010100010010001100011011111111000110100101111110111011010000110100100100000010101111001100111000001001111110011000110101110101000100011111100001100010010000000011101011111
72 12620 12655 13586 13457 13300 13133 14001 13125 13416 12866 00010111111111100110010110011111110010010101000011001001100000011100101110110010010000111000001111011011110000001101001001011001011001111001010001011100111110001000000100011000100100111011001000000001101011110111100110010110001011000110101100001110100000000000110000011011100001100100110011010111100100111101110110100011001011111010100010010001100011011111111000110100101111110111011010000110100100100000010101111001100111000001001111110011000110101110101000100011111100001100010010000000011101011111
73 12706 12711 13589 13505 13356 13289 14038 13233 13532 12876 00010111111111100110010110011111110010010101000111001001100000011100101110110010010000111000001111011011110000001101001001011001011001111001010001011100111110001000000100011000100100111011001000000001101011110111100110010110001011000110101100001110100000000000110000011011100001100100110011010111100100111101110110100011001011111010100010010001100011011111111000110100101111110111011010000110100100100000010101111001100111001001001111110011000110101110101000100011111100001100010010000000011101011111
74 12658 12659 13558 13486 13251 13208 13976 13138 13457 12894 00010111111111100110010110011111110010010101000111001001100000011100101110110010010000111000001111011011110000001101001001011001011001111001010001011100111110001000001100011000100100111011001000000001101011110111100110010110001011000110101100001110100000000000110000011011100001100100110011010111100100111101110110100011001011111010100010010001100011011111111000110100101111110111011010000110100100100000010101111001100111000001001111110011000110101110101000100011111100001100010010000000011101011111
75 12613 12625 13580 13497 13285 13215 14030 13121 13473 12869 00010111111111100110010110011111110010010101000111001001100000011100101110110010010000111000001111011011110000001101001001011001011001111001010001011100111110001000000100011000100100111011001000000001101011110111100110010110001011000110101100001110100000000000110000011011100001101100110011010111100100111101110110100011001011111010100010010001100011011111111000110100101111110111011010000110100100100000010101111001100111000001001111110011000110101110101000100011111100001100010010000000011101011111
76 12646 12747 13654 13524 13328 13225 14038 13229 13537 12871 00010111111111100110010110011111110010010101000111001001100000011100101110110010010000111000001111011011110000001101001001011001011001111001010001011100111110001000000100011000100100111011001000000001101011110111100110010110001011000110101100001110100000000000110000011011100001100100110011010111100100111101110110100011001011111010100010010001100011011111111000110100101111110111011010000110100100100000010101111001100111000001001111110011000110101110101000100011111100001100011010000000011101011111
77 12678 12743 13661 13522 13356 13284 14059 13172 13503 12887 00010111111111100110010110011111110010010101000111001001100000011100101110110010010000111000001111011011110000001101001001011001011001111001010001011100111110001000000100011001100100111011001000000001101011110111100110010110001011000110101100001110100000000000110000011011100001100100110011010111100100111101110110100011001011111010100010010001100011011111111000110100101111110111011010000110100100100000010101111001100111000001001111110011000110101110101000100011111100001100010010000000011101011111
78 12572 12642 13594 13395 13261 13166 13945 13125 13408 12915 00010111111111100110010110011111110010010101000111001001100000011100101110110010010000111000001111011011110000001101001001011001011001111001010001011100111110001000000100011000100100111011001000000001101011110111100110010110001011000110101100001110100000000000110000011011100001100100110011010111100100111101110110100011001011111010100010010001100011011101111000110100101111110111011010000110100100100000010101111001100111000001001111110011000110101110101000100011111100001100010010000000011101011111
79 12679 12703 13664 13475 13320 13208 14000 13177 13541 12905 00010111111111100110010110011111110010010101000111001001100000011100101110110010010000111000001111011011110000001101001001011001011001111001010001011100111110001000000100011000110100111011001000000001101011110111100110010110001011000110101100001110100000000000110000011011100001100100110011010111100100111101110110100011001011111010100010010001100011011111111000110100101111110111011010000110100100100000010101111001100111000001001111110011000110101110101000100011111100001100010010000000011101011111
80 12675 12676 13614 13524 13370 13200 14048 13209 13557 12881 00010111111111100110010110011111110010010101000111001001100000011100101110110010010000111000001111011011110000001101001001011001011001111001010001011100111110001000000100011000100100111011001000000001101011110111100110010110001011010110101100001110100000000000110000011011100001100100110011010111100100111101110110100011001011111010100010010001100011011111111000110100101111110111011010000110100100100000010101111001100111000001001111110011000110101110101000100011111100001100010010000000011101011111
81 12706 12748 13615 13483 13378 13289 14030 13208 13554 12895 00010111111111100110010110011111110010010101000111001001100000011101101110110010010000111000001111011011110000001101001001011001011001111001010001011100111110001000000100011000100100111011001000000001101011110111100110010110001011000110101100001110100000000000110000011011100001100100110011010111100100111101110110100011001011111010100010010001100011011111111000110100101111110111011010000110100100100000010101111001100111000001001111110011000110101110101000100011111100001100010010000000011101011111
82 12604 12627 13548 13471 13314 13129 13961 13069 13417 12855 00010111111111100110010110011111110010010101000111001001100000011100101110110010010000111000001111011011110000001101001001011001011001111001010001011100111010001000000100011000100100111011001000000001101011110111100110010110001011000110101100001110100000000000110000011011100001100100110011010111100100111101110110100011001011111010100010010001100011011111111000110100101111110111011010000110100100100000010101111001100111000001001111110011000110101110101000100011111100001100010010000000011101011111
83 12684 12681 13624 13511 13399 13168 14038 13124 13474 12914 00010111111111100110010110011111110010010101000111001001100000011100101110110010010000111000001111011011110000001101001001011001011001111001010001011100111110001000000100011000100100111011001000000001101011110111100110010110001011000110101100001110100000000000110000011011100001100100110011010111100100111101110110100011001011111010100010010001100011011111111000110100101111110011011010000110100100100000010101111001100111000001001111110011000110101110101000100011111100001100010010000000011101011111
84 12654 12741 13634 13526 13323 13204 14000 13176 13577 12888 00010111111111100110010110011111110010010101000111001001100000011100101110110010010000111000001111011011110000001101001001011001011001111001010001011100111110001000000100011000100100111011001000000001101011110111100110010110001011000110101100001110100000000000110000011111100001100100110011010111100100111101110110100011001011111010100010010001100011011111111000110100101111110111011010000110100100100000010101111001100111000001001111110011000110101110101000100011111100001100010010000000011101011111
85 12620 12655 13586 13457 13300 13133 14001 13125 13416 12866 00010111111111100110010110011111110010010101000011001001100000011100101110110010010000111000001111011011110000001101001001011001011001111001010001011100111110001000000100011000100100111011001000000001101011110111100110010110001011000110101100001110100000000000110000011011100001100100110011010111100100111101110110100011001011111010100010010001100011011111111000110100101111110111011010000110100100100000010101111001100111000001001111110011000110101110101000100011111100001100010010000000011101011111
86 12657 12735 13630 13445 13361 13190 13979 13114 13460 12922 00010111111111100110010110011111110010010101000111001001100000011100101110110010010000111000001111011011110000001101001001011001011001111001010001011100111110001000000100011000100100111011001000000001101011110111100110010110001011000110101100001110100000000000110000011011100001100100110011010111100100111101110110100011001011111010100010010001100011011111111000110100101111110111011010000110100100100000010101111001100111000000001111110011000110101110101000100011111100001100010010000000011101011111
87 12602 12620 13562 13404 13331 13156 14020 13149 13441 12854 00010111111111100110010110011111110010010101000111001001100000011100101110110010010000111000001111011011110000001101001001011001011001111001010001011100111110001000000100011000100100111011001000000001101011110111100110010110001011000110101100001110100000000000110000011011100001100100110001010111100100111101110110100011001011111010100010010001100011011111111000110100101111110111011010000110100100100000010101111001100111000001001111110011000110101110101000100011111100001100010010000000011101011111
88 12656 12743 13611 13483 13399 13249 14043 13171 13522 12882 00010111111111100110010110011111110010010101000111001001100000011100101110110010010000111000001111011011110000001101001001011001011001111001010001011100111110001000000100011000100100111011001000000001101011110111100110011110001011000110101100001110100000000000110000011011100001100100110011010111100100111101110110100011001011111010100010010001100011011111111000110100101111110111011010000110100100100000010101111001100111000001001111110011000110101110101000100011111100001100010010000000011101011111
89 12687 12621 13645 13439 13263 13244 14009 13068 13438 12875 00010111111111100110010110011111110010010101000111001001100000011100101110110010010000111000001111011011110000001101001001011001011001111001010001011100111110001000000100011000100100111011001000000001101011110111100110010110001011000110101100001110100000000000110010011011100001100100110011010111100100111101110110100011001011111010100010010001100011011111111000110100101111110111011010000110100100100000010101111001100111000001001111110011000110101110101000100011111100001100010010000000011101011111
90 12676 12701 13612 13504 13345 13211 14075 13189 13514 12919 00010111111111100110010110011111110010010101000111001001100000011100101110110010010000111000001111011011110000001101001001011001011001111001010001011100111110001000000100011000100100111011001000000001101011111111100110010110001011000110101100001110100000000000110000011011100001100100110011010111100100111101110110100011001011111010100010010001100011011111111000110100101111110111011010000110100100100000010101111001100111000001001111110011000110101110101000100011111100001100010010000000011101011111
91 12694 12747 13617 13457 13426 13188 14032 13141 13428 12894 00010111111111100110010110011111110010010101000111001001100000011100101110110010010000111000001111011011110000001101001001011001011001111001010001011100111110000000000100011000100100111011001000000001101011110111100110010110001011000110101100001110100000000000110000011011100001100100110011010111100100111101110110100011001011111010100010010001100011011111111000110100101111110111011010000110100100100000010101111001100111000001001111110011000110101110101000100011111100001100010010000000011101011111
92 12651 12700 13588 13478 13374 13254 14009 13174 13509 12943 00010111111111100110010110011111110010010101000111001001100000011100101110110010010000111000001111011011110000001101001001011001011001111001010001011100111110001000000100011000100100111011001000000001101011110111100110010110001011000110101100001110100000000000110000111011100001100100110011010111100100111101110110100011001011111010100010010001100011011111111000110100101111110111011010000110100100100000010101111001100111000001001111110011000110101110101000100011111100001100010010000000011101011111
93 12659 12708 13608 13513 13360 13207 14015 13167 13439 12951 00010111111111100110010110011111110010010101000111001001100000011100101110110010000000111000001111011011110000001101001001011001011001111001010001011100111110001000000100011000100100111011001000000001101011110111100110010110001011000110101100001110100000000000110000011011100001100100110011010111100100111101110110100011001011111010100010010001100011011111111000110100101111110111011010000110100100100000010101111001100111000001001111110011000110101110101000100011111100001100010010000000011101011111
94 12567 12644 13610 13398 13308 13116 13984 13133 13425 12879 00010111111111100110010110011111110010010101000111001001100000011100101110110010010000111000001111011011110000001101001001011001011001111001010001011100111110001000000100011000100100111011001000000001101011110111100110010110001011000110101100001110100000000000110000011011100001100100110011010111100100011101110110100011001011111010100010010001100011011111111000110100101111110111011010000110100100100000010101111001100111000001001111110011000110101110101000100011111100001100010010000000011101011111
95 12642 12715 13621 13520 13378 13194 14012 13117 13439 12939 00010111111111100110010110011111110010010101000111001001100000011100101110110010010000111000001111011011110000001101001001011001011001111001010001011100111110001000000100011000100100111011001000000001101011110111100110010110001011000110101100001110100000000000110000011011100001100100110011010111100100111101110110100011001011111010100010010001100011011111111000110100101111110111011010000110100100100000010001111001100111000001001111110011000110101110101000100011111100001100010010000000011101011111
96 12655 12727 13667 13535 13374 13273 14057 13196 13525 12879 00010111111111100110010110011111110010010101000111001001100000011100101110110010010000111000001111011011110000001101001001011001011101111001010001011100111110001000000100011000100100111011001000000001101011110111100110010110001011000110101100001110100000000000110000011011100001100100110011010111100100111101110110100011001011111010100010010001100011011111111000110100101111110111011010000110100100100000010101111001100111000001001111110011000110101110101000100011111100001100010010000000011101011111
97 12632 12654 13527 13414 13280 13191 13939 13092 13449 12906 00010111111111100110010110011111110010010101000111001001100000011100101110110010010000111000001111011011110000001101001001011001011001111001010001011100111110001000000100011000100100111011001000000001101011110111100110010110001011000110101100001110100000000000110000011011100001100100110011010111100100111101110110100011001011111010100010010001100011011111111000110100101111110111011010000110100100100000000101111001100111000001001111110011000110101110101000100011111100001100010010000000011101011111
98 12597 12649 13539 13482 13302 13157 14007 13081 13480 12848 00010111111111100110010110011111110010010101000111001001100000011100101110110010010000111000001111011011110000001101001001011001011001111000010001011100111110001000000100011000100100111011001000000001101011110111100110010110001011000110101100001110100000000000110000011011100001100100110011010111100100111101110110100011001011111010100010010001100011011111111000110100101111110111011010000110100100100000010101111001100111000001001111110011000110101110101000100011111100001100010010000000011101011111
99 12613 12625 13580 13497 13285 13215 14030 13121 13473 12869 00010111111111100110010110011111110010010101000111001001100000011100101110110010010000111000001111011011110000001101001001011001011001111001010001011100111110001000000100011000100100111011001000000001101011110111100110010110001011000110101100001110100000000000110000011011100001101100110011010111100100111101110110100011001011111010100010010001100011011111111000110100101111110111011010000110100100100000010101111001100111000001001111110011000110101110101000100011111100001100010010000000011101011111
100 12657 12826 13613 13557 13451 13272 14036 13196 13517 13008 00010111111111100110010110011111110010010101000111001001100000011100101110110010010000111000001111011011110000001101001001011001111001111001010001011100111110001000000100011000100100111011001000000001101011110111100110010110001011000110101100001110100000000000110000011011100001100100110011010111100100111101110110100011001011111010100010010001100001011111111000110100101111110111011010000110100100100000010101111001100111000001001111110011000110101110101000100011111100001100010010000000011101011111
101 12572 12691 13619 13456 13387 13144 13945 13173 13397 12888 00010111111111100110010110011111110010010101000111001001100000011000101110110010010000110000001111011011110000001101001001011001011001111001010001011100111110001000000100011000100100111011001000000001101011110111100110010110001011000110101100001110100000000000110000011011100001100100110011010111100100111101110110100011001011111010100010010001100011011111111000110100101111110111011010000110100100100000010101111001100111000001001111110011000110101110101000100011111100001100010010000000011101011111
102 12591 12628 13698 13443 13397 13216 13973 13212 13528 12913 00010110111111100110010110011111110010010101000111001001100000011100101110110010010000111000001111011011110000001101001001011001011001111001010001011100111110001000000100011000100100111011001000000001101011110111100110010110001011000110101100001110100000000000110000011011100001100100110011010111100100111101110110100011001011111011100010010001100011011111111000110110101111110111011010000110100100100000010101111001100111000001001111110011000110101110101000100011111100001100010010000000011101011111
103 12644 12750 13659 13497 13389 13289 14029 13162 13561 12926 00010111111111100110010110011111110010010101000111001001100000011100101110110010010000111000001111011011110000001101001001011001011001111001010001011100111110001000000100011000100100111011001000000001101011110111100110010110001011000110101100001110100000000000110000011011100001100100110011010111100100111101110110100011001011111010100010010001100011011111111000110100101111110111011010000110100100100000010101111001100111000001001111110011000110101111101000100011111100001100010010000000011101011111
104 12628 12665 13538 13384 13390 13120 13994 13179 13434 12862 00010111111111100110010110011111110010010101000111001001100000011100101110110010010000111000001111011011110000001101001001001001011001111001010001011100111110001000000100011000100100111011001000000001101011110111100110010110001011000110101100001110100000000000110000011011100001100100110001010111100100111101110110100011001011111010100010010001100011011111111000110100101111110111011010000110100100100000010101111001100111000001001111110011000110101110101000100011111100001100010010000000011101011111
105 12685 12783 13657 13461 13367 13149 13960 13096 13385 12831 00010111111111100110010010011111110010010101000111001001100000011100101110110010010000111000001111011011110000001101001001011001011001111001010001011100111110001000000100011000100100111011001000000001101011110111100010010110001011000110101100001110100000000000110000011011100001100100110011010111100100111101110110100011001011111010100010010001100011011111111000110100101111110111011010000110100100100000010101111001100111000001001111110011000110101110101000100011111100001100010010000000011101011111
106 12550 12648 13594 13449 13299 13228 13968 13166 13490 12848 00010111111111100110010110011111110010010101000111001001100000011100101110110010010000111000001111011011110000001101001001011001011001111001010001011100111110001000000100011000100100110011001000000001101011110111100110010110001011000110101100001110100000000000110000011011100001100100110011010111100100111101110110100011001011111010100010010001100011011111111000110100111111110111011010000110100100100000010101111001100111000001001111110011000110101110101000100011111100001100010010000000011101011111
107 12742 12629 13707 13563 13338 13320 14096 13109 13497 12875 00010111111111100110010110011111110010010101000111001001100000011100101110110010110000111000001111011011110000001101001001011001011001111001010001011100111110001000000100011000100100111011001000000001101011110111100110010110001011000110101100001110100000000000110000011011100001100100110011010111100100111101110110100011101011111010100010010001100011011111111000110100101111110111011010000110100100100000010101111001100111000001001111110011000110101110101000100011111100001100010010000000011101011111
108 12683 12778 13655 13508 13481 13207 14088 13222 13539 12962 00010111111111100110010110011111110010010101000111001001100000011100101010110010010000111000001111011011110000001101001001011001011001111001010001011100111110001000000100011000100100111011001000000001101011110111100110010110001011000110101100001110100000000000110000011011100001100100110011010111100100111101110110100011001011111010100010010001110011011111111000110100101111110111011010000110100100100000010101111001100111000001001111110011000110101110101000100011111100001100010010000000011101011111
109 12742 12726 13744 13534 13489 13361 14138 13209 13665 12960 00010111111111100110010110011111110010010101000111001001100000011100101110110010110000111000001111011011110000001101001001011001011001111001010001011100111110001000000100011000100100111011001000000001101011110111100110010110001011000110101101001110100000000000110000011011100001100100110011010111100100111101110110100011001011111010100010010001100011011111111000110100101111110111011010000110100100100000010101111001100111000001001111110011000110101110101000100011111100001100010010000000011101011111
110 12637 12633 13552 13413 13299 13159 13990 13129 13435 12936 00010111111111100110010110011011110010010101000111001001100000011100101110110010010000111000001111011011110000001101001001011001011001111001010001011100111110001000000100011000100100111011001000000001101011110111100110010110001011000110101100001110100000000000110000011011100001100100110011010111100100111101110110100011001011111010100010010001100011011111111000110100101111110111011010000110100100100000010101111001100111000001001111110011000110101110101000100011111100001100010010000000011101011111
111 12726 12712 13700 13575 13457 13285 14107 13114 13566 13022 00010111111111100110010110011111110010010101000111001001100000011100101110110010010000111000001111011011111000001101001001011001011001111001010001011100111110001000000100011000100100111011001000000001101011110111100110010110001011000110101100001110100000000000110000011011100001100100110011010111100100111101110110100011001011111010100010010001100011011111111000110100101111110111011010000110100100100000010101111001100111000001001111110011010110101110101000100011111100001100010010000000011101011110
112 12583 12771 13553 13377 13326 13228 14062 13143 13489 12926 00010111111111100110010110011111110010010101000111001001100000011100101110110010010000111000001111011011110000001101001001011001011001111001010001011100111110001000000100011000100100111011001000000001101011110111100110010110001011000110101100001110100000000000110000011011100001100100110011010111100100111101110110100011001011111010100010010001100011011111111000110100101111110111011010000110100100100000010101111000100111000001001111100011000110101110101000100011111100001100010010000000011101011111
113 12665 12700 13696 13497 13306 13307 14083 13124 13505 12940 00010111111111100110010110011111110010010101000111001011100000011100101110110010010000111000001111011011110000001101001001011001011001111001010001011100111110001000000100011000100100111011001000000001101011110111100110010110001011000110101100001110100000000000110000011011100001100100110011110111100100111101110110100011001011111010100010010001100011011111111000110100101111110111011010000110100100100000010101111001100111000001001111110011000110101110101000100011111100001100010010000000011101011111
114 12603 12643 13563 13438 13337 13163 13935 13157 13404 12865 00010111111111100110010110011111110010010101000011001001100000011100101110110010010000111000001111011011110000001101001001011001011001111001010001011100111110001000000100011000100100111011001000000001101011110111100110010110001011000110101100001110100000000000110000011011100001100100110011010111100100111101110110100011001011111010100010010001100011011111111000110100101111110111011010000110100100100000010101111001100111000001001101110011000110101110101000100011111100001100010010000000011101011111
115 12533 12694 13587 13415 13278 13141 14005 13154 13474 12838 00010111111111100110010110011111110010010101000111001001100000011100101110110010010000111000001111011011110000001101001001011001011001111001010001011100111110001000000100011000100100111011001000100001101011110111100110010110001011000110101100001110100000000000110000011011100001100100110011010111100100011101110110100011001011111010100010010001100011011111111000110100101111110111011010000110100100100000010101111001100111000001001111110011000110101110101000100011111100001100010010000000011101011111
116 12651 12732 13593 13481 13370 13179 14014 13121 13516 12910 00010111111111100110010110011111110010010101000111001001100000011100101110110010010000111000001110011011110000001101001001011001011001111001010001011100111110001000000100011000100100111011001000000001101011110111100110010110001011000110101100001110100000000000110000011011100001100100110011010111100100111101110110100011001011111010100010010001100011011111111000110100101111110111011010000110100100100000010101111001100111000001001111110011000110101110101000100011111100000100010010000000011101011111
117 12581 12657 13536 13465 13380 13161 13999 13069 13406 12834 00010111111111100110010110011111110010010101000111001001100000011100101110110010010000111000001111011011110000001101001001011001011001111000010001011100111100001000000100011000100100111011001000000001101011110111100110010110001011000110101100001110100000000000110000011011100001100100110011010111100100111101110110100011001011111010100010010001100011011111111000110100101111110111011010000110100100100000010101111001100111000001001111110011000110101110101000100011111100001100010010000000011101011111
118 12679 12654 13537 13519 13261 13165 13959 13122 13476 12856 00010111111111100110010110011111110010010101000111001001100000011100101110110010010000111000001111011011110000001101001001011001011001111001010001011100111110001000001100011000100100111011001000000001101011110111110110010110001011000110101100001110100000000000110000011011100001100100110011010111100100111101110110100011001011111010100010010001100011011111111000110100101111110111011010000110100100100000010101111001100111000001001111110011000110101110101000100011111100001100010010000000011101011111
119 12718 12750 13595 13622 13502 13282 14074 13215 13518 13034 00010111111111100110010110011111110010010101000111001001100000011100101110110010010000111000001111011011110000001101001001011001011001111001010001011100111110001000000100011000100100111011001000000001101011110111100110010110001011000110101100001110100000000000110000011011100001100100110011010111100100111101110110100011001011111010100010110001100011011111111000110100101111110111011010000110100100100000010101111001100111000001001111110011000110101110101000100011011100001100010010000000011101011111
120 12614 12619 13642 13426 13232 13258 13981 13075 13489 12901 00010111111111100110010110011111110010010101001111001001100000011100101110110010010000111000001111011011110000001101001001011001011001111001010001011100111110001000000100011000100100111011001000000001101011110111100110010110001011000110101100001110100000000000110000011011100001100100110011010111100100111101110110100011001011111010100010010001100011011111111000110100101111110111011010000110100100100000010101111001100111000001001111110001000110101110101000100011111100001100010010000000011101011111
121 12546 12609 13575 13390 13290 13224 13916 13131 13501 12850 00010111111111100110010110011111110010010101000111001001100000011100101110010010010000111000001111011011110000001101001001011001011001111001010001011100111110001000000100011000100100111011001000000001101011110111100110010110001011000110101100001110100000000000110000011011100001100100110011010111100100111101110110100011001011111010100010010001100011011111111000110110101111110111011010000110100100100000010101111001100111000001001111110011000110101110101000100011111100001100010010000000011101011111
122 12564 12568 13514 13405 13241 13033 13905 13107 13373 12791 00010111111111100110010110011111110010010101000011001001100000011100101110110010010000111000001111011011110000001101001001011001011001111001010001011100111110001000000100011000100100111011001000000001101011110111100110010110001011000110101100001110100000000000110000011011100001100000110011010111100100111101110110100011001011111010100010010001100011011111111000110100101111110111011010000110100100100000010101111001100111000001001111110011000110101110101000100011111100001100010010000000011101011111
123 12706 12711 13589 13505 13356 13289 14038 13233 13532 12876 00010111111111100110010110011111110010010101000111001001100000011100101110110010010000111000001111011011110000001101001001011001011001111001010001011100111110001000000100011000100100111011001000000001101011110111100110010110001011000110101100001110100000000000110000011011100001100100110011010111100110111101110110100011001011111010100010010001100011011111111000110100101111110111011010000110100100100000010101111001100111001001001111110011000110101110101000100011111100001100010010000000011101011111
124 12698 12678 13649 13550 13362 13251 14076 13153 13534 12916 00010111111111100110010110011111110010010101000111001001100000011100101110110010010000111000001111011011110000001101001001011001011001111001010001011100111110001000000100011000100100111011001000000011101011110111100110010110001011000110101100001110100000000000110000011011100001101100110011010111100100111101110110100011001011111010100010010001100011011111111000110100101111110111011010000110100100100000010101111001100111000001001111110011000110101110101000100011111100001100010010000000011101011111
125 12653 12715 13490 13431 13326 13188 13932 13180 13533 12900 00010111111111100110010110011111110010010101000111001001100000011100101110110010010000111000001111011011110000001101001001011001011001111001010001011100111110001000001100011000100100111011001000000001101011110111100110010110001011000110101100001110100000000000110000011011100001100100110011010111100100111101110110100011001011111010100010010001100011011111111000110100101111110111011010000110100100000000010101111001100111000001001111110011000110101110101000100011111100001100010010000000011101011111
126 12622 12735 13678 13496 13334 13268 14059 13187 13464 12846 00010111111111100110010110011111110010010101000111001001100000011100101110110010010000111000001111011011110000001101000001011001011001111001010001011100111110001000000100011001100100111011001000000001101011110111100110010110001011000110101100001110100000000000110000011011100001100100110011010111100100111101110110100011001011111010100010010001100011011111111000110100101111110111011010000110100100100000010101111001100111000001001111110011000110101110101000100011111100001100011010000000011101011111
127 12694 12709 13636 13511 13377 13226 14028 13173 13544 12904 00010111111111100110010110011111110010010101000111001001100000011100101110110010010000111000001111011011110000001101001001011001011001111001010001011100111110001000000100011000100100111011001000000011101011110111100110010110001011000110101100001110100000000000110000011011100001100100110011010111100100111101110110100011001011111010100010010001100011011111111000110100101111110111011010000110100100100000010101111001100111000001001111110011000110101110101000100011111100001100010010000000011101011111
128 12622 12727 13727 13392 13272 13179 13951 13171 13473 12913 00010111111111100110010110011111110010010101000111001001100000011100101110110010010000111000001111011011110000001101001001011001011001111001010001011100111110001000000100011000110100111011001000000001101011110111100110010110001011000110101100001110100000000000110000011011100001100100110011010111100100111101110110100011001011111010100010010001100011011101111000110100101111110111011010000110100100100010010101111001100111000001001111110011000110101110101000100011111100001100010010000000011101011111
129 12680 12681 13632 13487 13358 13226 14055 13151 13521 12869 00010111111111100110010110011111110010010101000111001001100000011100101110110010010000111000001111011011110000001101001001011001011001111001010001011100111110001000000100011000100100111011001000000001101011110111100110010110001011000110101100001110100000000000110000011011100001100100110011010111100100111101110110100011001011111010100010010001100011011111111000110100101111110111011010000110100100100000010101111001100111000001001111110011010110101110101000100011111100001100010010000000011101011111
130 12743 12776 13618 13463 13376 13284 13994 13176 13521 12969 00010111111111100110010110011111110010010101000111001001100000011101101110110010010000111000001111011011110000001101001001011001011001111001010001011100111110001000000100011000100100111011001000000001101011110111100110010110001011000110101100001110100000000000110000011011100001100100110011010111100100111101110110100011001011111010100010010001100011011111111000110100101111110111011010000110100100100000010101111001100101000001001111110011000110101110101000100011111100001100010010000000011101011111
131 12687 12699 13619 13546 13379 13197 14009 13192 13531 12950 00010111111111100110010110011111110010010101000111001001100000011100101110110010010000111000001111011011110000001101001001011000011001111001010001011100111110001000000100011000100100111011001000000001101011110111100110010110001011010110101100001110100000000000110000011011100001100100110011010111100100111101110110100011001011111010100010010001100011011111111000110100101111110111011010000110100100100000010101111001100111000001001111110011000110101110101000100011111100001100010010000000011101011111
132 12633 12634 13526 13433 13360 13156 13892 13063 13349 12805 00010111111111100110010110011111110010010101000111001001100000011100101110110010010000111000001111011011110000001001001001011001011001111001010001011100111010001000000100011000100100111011001000000001101011110111100110010110001011000110101100001110100000000000110000011011100001100100110011010111100100111101110110100011001011111010100010010001100011011111111000110100101111110111011010000110100100100000010101111001100111000001001111110011000110101110101000100011111100001100010010000000011101011111
133 12682 12649 13602 13552 13400 13138 14087 13152 13501 12959 00010111111111100110010110011111110010010101000111001001100000011100101110110010010000111000001111011011110000001101001001011001011001111001010001011100111110001000000100011000100100111011001000000101101011110111100110010110001011000110101100001110100000000000110000011011100001100100110011010111100100111101110110100011001011111010100010010001100011011111111000110100101111110011011010000110100100100000010101111001100111000001001111110011000110101110101000100011111100001100010010000000011101011111
134 12600 12702 13595 13445 13298 13101 13996 13067 13487 12833 00010111111111100110010110011111110010010101000011001001100000011100101110110010010000111000001111011011110000001101001001011001011001111001010001011100111110001000000100011000100100111011001000000001101011110111100110010110001011000110101100001110100000000000110000011111100001100100110011010111100100111101110110100011001011111010100010010001100011011111111000110100101111110111011010000110000100100000010101111001100111000001001111110011000110101110101000100011111100001100010010000000011101011111
135 12643 12755 13560 13486 13392 13196 13967 13156 13467 12946 00010111111111100110010110011111110010010101000111001001100000011100101110110010010000111000001111011011110000001101001001011001011001111001010001011100111110001000000100011000100100111011001000000001101011110111100110010110001011000100101100001110100000000000110000011011100001100100110011010111100100111101110110100011001011111010100010010001100011011111111000110100101111110111011010000110100100100000010101111001100111000001001111110011000110101110101000100011111100001100010010000000011101011111
136 12714 12833 13696 13477 13460 13233 14005 13208 13560 12959 00010111111111100110010110011111110010010101000111001001100000011100101110110010010000111000001111011011110000001101001001011001011001111001010001011110111110001000000100011000100100111011001000000001101011110111100110010110001011000110101100001110100000000000110000011011100001100100110011010111100100111101110110100011001011111010100010010001100011011111111000110100101111110111011010000110100100100000010101111001100111000000001111110011000110101110101000100011111100001100010010000000011101011111
137 12596 12520 13567 13402 13269 13167 14030 13057 13418 12772 00010111111111100110010110011111110010010101000111001001100000011100101110110010010000111000001111011011110000001101001001011001011001111001010001011100111110001000000100011000100100111011001000000001101011110111100110010110001011000110101100001110100000000000110000011011100001100100110001010111100100111101110110100011001011111010100010010001100011011111111000110100101111110111011010000110100100100000010101111001100111000001001111110011000110101110111000100011111100001100010010000000011101011111
138 12600 12667 13550 13395 13376 13191 14025 13160 13460 12789 00010111111111100110010110011111110010010101000111001001100000011100101110110010010000111000001111011011110000001101001001011001011001111001010001011100111110001000000100011000100100111011001000000001101011110111100110011110001011000110101100001110100000000000110000011011100001100100110001010111100100111101110110100011001011111010100010010001100011011111111000110100101111110111011010000110100100100000010101111001100111000001001111110011000110101110101000100011111100001100010010000000011101011111
139 12745 12718 13657 13518 13283 13341 14053 13083 13537 12922 00010111111111100110010110011111110010010101000111001001101000011100101110110010010000111000001111011011110000001101001001011001011001111001010001011100111110001000000100011000100100111011001000000001101011110111100110010110001011000110101100001110100000000000110010011011100001100100110011010111100100111101110110100011001011111010100010010001100011011111111000110100101111110111011010000110100100100000010101111001100111000001001111110011000110101110101000100011111100001100010010000000011101011111
140 12604 12680 13592 13415 13256 13173 14009 13127 13448 12898 00010111111111100110010110011111110010010101000111001001100000011100101110110010010000111000001111011011110000001101001001011001011001101001010001011100111110001000000100011000100100111011001000000001101011111111100110010110001011000110101100001110100000000000110000011011100001100100110011010111100100111101110110100011001011111010100010010001100011011111111000110100101111110111011010000110100100100000010101111001100111000001001111110011000110101110101000100011111100001100010010000000011101011111
141 12682 12769 13636 13431 13396 13169 14060 13165 13488 12896 00010111111111100110010110011111110010010101000111001001100000011100101110110010010000111000001111011011110000001101001001011001011001111001010001011100111110000000000100011000100100111011001000000001101011110111101110010110001011000110101100001110100000000000110000011011100001100100110011010111100100111101110110100011001011111010100010010001100011011111111000110100101111110111011010000110100100100000010101111001100111000001001111110011000110101110101000100011111100001100010010000000011101011111
142 12626 12670 13573 13502 13316 13148 13948 13098 13406 12901 00010111111111100110010110011111110010010101000111001001100000011100101110110010000000111000001111011011110000001101001001011001011001111001010001011100111110001000000100011000100100111011001000000001101011110111100110010110001011000110101100001110100000000000110000011011100001100100110011010111100100111101110110100011001011111010100010010001100011011110111000110100101111110111011010000110100100100000010101111001100111000001001111110011000110101110101000100011111100001100010010000000011101011111
143 12604 12657 13565 13477 13342 13221 13983 13149 13496 12972 00010111111111100110010110011111110010010101000111001001100000011100101110110010010000111000001111011011110000001101001001011001011001111001010001011100111110001000000100011000100100111011001000000001101011110111100110010110001011000110101100001110100000000000110000111011100001100100110011010111100100111101010110100011001011111010100010010001100011011111111000110100101111110111011010000110100100100000010101111001100111000001001111110011000110101110101000100011111100001100010010000000011101011111
144 12536 12652 13623 13417 13335 13151 13963 13144 13460 12824 00010111111111100110010110011111110010010101000111001001100000011100101110110010010000111000001111011011110000001101001001011001011001111001010001011100111110001000010100011000100100111011001000000001101011110111100110010110001011000110101100001110100000000000110000011011100001100100110011010111100100011101110110100011001011111010100010010001100011011111111000110100101111110111011010000110100100100000010101111001100111000001001111110011000110101110101000100011111100001100010010000000011101011111
145 12663 12682 13631 13515 13332 13173 14084 13121 13455 12983 00010111111111100110010110011111110010010101000111001001100000011100101110110010010000111000001111011011110000001101001001011001011001111001010001011100111110001000000100011000100100111011001000000001101011111111100110010110001011000110101100001110100000000000110000011011100001100100110011010111100100111101110110100011001011111010100010010001100011011111111000110100101111110111011010000110100100100000010001111001100111000001001111110011000110101110101000100011111100001100010010000000011101011111
146 12677 12655 13502 13393 13313 13186 13979 13101 13456 12860 00010111111111100110010110011111110010010101000111001001100000011100101110110010010000111000001111011011110000001101001001011001011001111001010001011100111110001000000100011000100100111011001000000001101011110111100110010110001011000110101100001110100000000000110000011011100001100100110011010111100100111101110110100011001011111010100010010001100011011111111000110100101111110111011010000110100100100000000101111001100111000001001111110011000110101110101000100011111100001100010010000000011101111111
147 12677 12740 13733 13568 13302 13282 14081 13201 13480 12877 00010111111111100110010110011111110010010101000111001001100000011100101110110010010000111000001111011011110000001101001001011001011101111001010001011100111110001000000100011000100100111011001000000001101011110111100110010110001011000110101100001110100000000000110000011011100001100100110011010111100100111101110110100011001011111010100010010001100011011111111000110100101111110111011010000110100100100000010101111001100111000001001111110011000110101110101000100011111100001100011010000000011101011111
148 12630 12675 13573 13511 13315 13155 14015 13131 13525 12789 00010111111111100110010110011111110010010101000111001001100000011100101110110010010000111000001111011011110000001101001101011001011001111000010001011100111110001000000100011000100100111011001000000001101011110111100110010110001011000110101100001110100000000000110000011011100001100100110011010111100100111101110110100011001011111010100010010001100011011111111000110100101111110111011010000110100100100000010101111001100111000001001111110011000110101110101000100011111100001100010010000000011101011111
149 12689 12662 13598 13553 13328 13269 14071 13207 13568 12896 00010111111111100110010110011111110010010101000111001001100000011100101110110010010000111000001111011011110000001101001001011001011001111001010001011100111110001000000100011000100100111011001000000001101011110111100110010110001011000110101100001110100000000000110000011011100001101100110011010111100100111101110110100011001011111010100010010001100011011111111000110100101111110111011010010110100100100000010101111001100111000001001111110011000110101110101000100011111100001100010010000000011101011111
