550
50 1.385600E+04 1.389800E+04 1.433500E+04 1.319400E+04 1.522700E+04 1.403600E+04 1.477400E+04 1.392200E+04 1.371000E+04 1.384800E+04 
51 1.383300E+04 1.391700E+04 1.432200E+04 1.320500E+04 1.519900E+04 1.412000E+04 1.483500E+04 1.396100E+04 1.370100E+04 1.385700E+04 
52 1.383500E+04 1.394600E+04 1.427700E+04 1.319400E+04 1.523900E+04 1.402300E+04 1.480400E+04 1.388600E+04 1.359500E+04 1.387400E+04 
53 1.385800E+04 1.403700E+04 1.432000E+04 1.323800E+04 1.527300E+04 1.414300E+04 1.483800E+04 1.401500E+04 1.373200E+04 1.385000E+04 
54 1.378100E+04 1.388800E+04 1.427100E+04 1.318700E+04 1.520100E+04 1.411600E+04 1.482900E+04 1.399700E+04 1.373000E+04 1.386500E+04 
55 1.377600E+04 1.390000E+04 1.431100E+04 1.319700E+04 1.518000E+04 1.409900E+04 1.478500E+04 1.391200E+04 1.365800E+04 1.382100E+04 
56 1.382800E+04 1.391400E+04 1.427800E+04 1.317100E+04 1.525100E+04 1.399800E+04 1.479600E+04 1.391400E+04 1.359000E+04 1.388200E+04 
57 1.376400E+04 1.395800E+04 1.424300E+04 1.317000E+04 1.520400E+04 1.400600E+04 1.475300E+04 1.394600E+04 1.357200E+04 1.390600E+04 
58 1.380500E+04 1.394200E+04 1.426600E+04 1.317600E+04 1.519300E+04 1.399700E+04 1.472100E+04 1.390800E+04 1.358800E+04 1.382900E+04 
59 1.380900E+04 1.388800E+04 1.433800E+04 1.321100E+04 1.519700E+04 1.409100E+04 1.478000E+04 1.397500E+04 1.371200E+04 1.387000E+04 
60 1.381500E+04 1.390300E+04 1.430400E+04 1.314400E+04 1.521900E+04 1.402300E+04 1.476300E+04 1.393100E+04 1.360100E+04 1.383600E+04 
61 1.378000E+04 1.396000E+04 1.427800E+04 1.318200E+04 1.523500E+04 1.405100E+04 1.474200E+04 1.395100E+04 1.363300E+04 1.390700E+04 
62 1.380400E+04 1.390600E+04 1.432900E+04 1.321300E+04 1.523100E+04 1.406200E+04 1.476800E+04 1.396700E+04 1.367600E+04 1.382400E+04 
63 1.382300E+04 1.393300E+04 1.428400E+04 1.318700E+04 1.522900E+04 1.401000E+04 1.473400E+04 1.394700E+04 1.360200E+04 1.387700E+04 
64 1.381900E+04 1.395700E+04 1.431000E+04 1.319600E+04 1.520200E+04 1.403300E+04 1.482500E+04 1.391000E+04 1.366300E+04 1.383000E+04 
65 1.383600E+04 1.389500E+04 1.431000E+04 1.316000E+04 1.526900E+04 1.403800E+04 1.473800E+04 1.392100E+04 1.360200E+04 1.387000E+04 
66 1.386300E+04 1.399200E+04 1.437100E+04 1.318700E+04 1.529100E+04 1.412000E+04 1.479000E+04 1.402100E+04 1.367400E+04 1.392800E+04 
67 1.379000E+04 1.388800E+04 1.432900E+04 1.315200E+04 1.517500E+04 1.408900E+04 1.483400E+04 1.398600E+04 1.365800E+04 1.386400E+04 
68 1.377400E+04 1.396200E+04 1.431800E+04 1.311400E+04 1.519600E+04 1.401600E+04 1.471800E+04 1.393200E+04 1.357700E+04 1.383100E+04 
69 1.381200E+04 1.403000E+04 1.435000E+04 1.320000E+04 1.533900E+04 1.409700E+04 1.479700E+04 1.399100E+04 1.371800E+04 1.392300E+04 
70 1.383500E+04 1.395300E+04 1.431000E+04 1.321100E+04 1.521200E+04 1.405100E+04 1.481500E+04 1.398300E+04 1.369400E+04 1.386300E+04 
71 1.378000E+04 1.397200E+04 1.425700E+04 1.318600E+04 1.526700E+04 1.400100E+04 1.473800E+04 1.394600E+04 1.361300E+04 1.381900E+04 
72 1.384000E+04 1.398600E+04 1.432400E+04 1.321200E+04 1.529300E+04 1.414400E+04 1.479600E+04 1.397700E+04 1.373800E+04 1.391000E+04 
73 1.375400E+04 1.393000E+04 1.432100E+04 1.316400E+04 1.523700E+04 1.398800E+04 1.475900E+04 1.386900E+04 1.362200E+04 1.390000E+04 
74 1.380200E+04 1.398200E+04 1.435200E+04 1.318300E+04 1.534200E+04 1.406900E+04 1.482100E+04 1.396400E+04 1.369700E+04 1.388200E+04 
75 1.384700E+04 1.401600E+04 1.433000E+04 1.317200E+04 1.530800E+04 1.406200E+04 1.476700E+04 1.398100E+04 1.368100E+04 1.390700E+04 
76 1.381400E+04 1.389400E+04 1.425600E+04 1.314500E+04 1.526500E+04 1.405200E+04 1.475900E+04 1.387300E+04 1.361700E+04 1.390500E+04 
77 1.378200E+04 1.389800E+04 1.424900E+04 1.314700E+04 1.523700E+04 1.399300E+04 1.473800E+04 1.393000E+04 1.365100E+04 1.388900E+04 
78 1.388800E+04 1.399900E+04 1.431600E+04 1.327400E+04 1.533200E+04 1.411100E+04 1.485200E+04 1.397700E+04 1.374600E+04 1.386100E+04 
79 1.378100E+04 1.393800E+04 1.424600E+04 1.319400E+04 1.527300E+04 1.406900E+04 1.479700E+04 1.392500E+04 1.361300E+04 1.387100E+04 
80 1.378500E+04 1.396500E+04 1.429600E+04 1.314500E+04 1.522300E+04 1.407700E+04 1.474900E+04 1.389300E+04 1.359700E+04 1.389500E+04 
81 1.375400E+04 1.389300E+04 1.429500E+04 1.318600E+04 1.521500E+04 1.398800E+04 1.476700E+04 1.389400E+04 1.360000E+04 1.388100E+04 
82 1.385600E+04 1.401400E+04 1.436200E+04 1.319800E+04 1.527900E+04 1.414800E+04 1.483600E+04 1.403300E+04 1.373700E+04 1.392100E+04 
83 1.377600E+04 1.396000E+04 1.428600E+04 1.315800E+04 1.519400E+04 1.410900E+04 1.475900E+04 1.397800E+04 1.368000E+04 1.386200E+04 
84 1.380600E+04 1.390000E+04 1.427600E+04 1.314300E+04 1.527000E+04 1.407300E+04 1.479700E+04 1.392600E+04 1.357700E+04 1.388800E+04 
85 1.384000E+04 1.398600E+04 1.432400E+04 1.321200E+04 1.529300E+04 1.414400E+04 1.479600E+04 1.397700E+04 1.373800E+04 1.391000E+04 
86 1.380300E+04 1.390600E+04 1.428000E+04 1.322400E+04 1.523200E+04 1.408700E+04 1.481800E+04 1.398800E+04 1.369400E+04 1.385400E+04 
87 1.385800E+04 1.402100E+04 1.434800E+04 1.326500E+04 1.526200E+04 1.412100E+04 1.477700E+04 1.395300E+04 1.371300E+04 1.392200E+04 
88 1.380400E+04 1.389800E+04 1.429900E+04 1.318600E+04 1.519400E+04 1.402800E+04 1.475400E+04 1.393100E+04 1.363200E+04 1.389400E+04 
89 1.377300E+04 1.402000E+04 1.426500E+04 1.323000E+04 1.533000E+04 1.403300E+04 1.478800E+04 1.403400E+04 1.371600E+04 1.390100E+04 
90 1.378400E+04 1.394000E+04 1.429800E+04 1.316500E+04 1.524800E+04 1.406600E+04 1.472200E+04 1.391300E+04 1.364000E+04 1.385700E+04 
91 1.376600E+04 1.389400E+04 1.429300E+04 1.321200E+04 1.516700E+04 1.408900E+04 1.476500E+04 1.396100E+04 1.372600E+04 1.388200E+04 
92 1.380900E+04 1.394100E+04 1.432200E+04 1.319100E+04 1.521900E+04 1.402300E+04 1.478800E+04 1.392800E+04 1.364500E+04 1.383300E+04 
93 1.380100E+04 1.393300E+04 1.430200E+04 1.315600E+04 1.523300E+04 1.407000E+04 1.478200E+04 1.393500E+04 1.371500E+04 1.382500E+04 
94 1.389300E+04 1.399700E+04 1.430000E+04 1.327100E+04 1.528500E+04 1.416100E+04 1.481300E+04 1.396900E+04 1.372900E+04 1.389700E+04 
95 1.381800E+04 1.392600E+04 1.428900E+04 1.314900E+04 1.521500E+04 1.408300E+04 1.478500E+04 1.398500E+04 1.371500E+04 1.383700E+04 
96 1.380500E+04 1.391400E+04 1.424300E+04 1.313400E+04 1.521900E+04 1.400400E+04 1.474000E+04 1.390600E+04 1.362900E+04 1.389700E+04 
97 1.382800E+04 1.398700E+04 1.438300E+04 1.325500E+04 1.531300E+04 1.408600E+04 1.485800E+04 1.401000E+04 1.370500E+04 1.387000E+04 
98 1.386300E+04 1.399200E+04 1.437100E+04 1.318700E+04 1.529100E+04 1.412000E+04 1.479000E+04 1.402100E+04 1.367400E+04 1.392800E+04 
99 1.384700E+04 1.401600E+04 1.433000E+04 1.317200E+04 1.530800E+04 1.406200E+04 1.476700E+04 1.398100E+04 1.368100E+04 1.390700E+04 
END