600
300 1.429200E+04 1.394200E+04 
301 1.396400E+04 1.360300E+04 
302 1.364100E+04 1.383100E+04 
303 1.335200E+04 1.340400E+04 
304 1.384000E+04 1.417900E+04 
305 1.333500E+04 1.327400E+04 
306 1.302700E+04 1.357100E+04 
307 1.322500E+04 1.354200E+04 
308 1.319000E+04 1.384400E+04 
309 1.283900E+04 1.347200E+04 
310 1.369100E+04 1.434700E+04 
311 1.356900E+04 1.416400E+04 
312 1.385900E+04 1.445200E+04 
313 1.257000E+04 1.296500E+04 
314 1.385600E+04 1.466800E+04 
315 1.325400E+04 1.391400E+04 
316 1.402000E+04 1.366200E+04 
317 1.331300E+04 1.366800E+04 
318 1.419100E+04 1.466000E+04 
319 1.367200E+04 1.351000E+04 
320 1.314900E+04 1.280200E+04 
321 1.302700E+04 1.345500E+04 
322 1.333000E+04 1.314300E+04 
323 1.296400E+04 1.381100E+04 
324 1.318300E+04 1.304200E+04 
325 1.289300E+04 1.344400E+04 
326 1.325300E+04 1.326800E+04 
327 1.294500E+04 1.295200E+04 
328 1.383300E+04 1.349700E+04 
329 1.431000E+04 1.495900E+04 
330 1.302300E+04 1.374700E+04 
331 1.297900E+04 1.375400E+04 
332 1.415600E+04 1.479500E+04 
333 1.368000E+04 1.349700E+04 
334 1.378800E+04 1.362100E+04 
335 1.400000E+04 1.417600E+04 
336 1.358800E+04 1.378600E+04 
337 1.238400E+04 1.269600E+04 
338 1.348600E+04 1.398300E+04 
339 1.449500E+04 1.468100E+04 
340 1.221300E+04 1.377700E+04 
341 1.381600E+04 1.398500E+04 
342 1.263900E+04 1.276600E+04 
343 1.228700E+04 1.250700E+04 
344 1.248400E+04 1.387300E+04 
345 1.297900E+04 1.294600E+04 
346 1.306400E+04 1.372200E+04 
347 1.338400E+04 1.319100E+04 
348 1.329100E+04 1.336800E+04 
349 1.400300E+04 1.370100E+04 
350 1.384200E+04 1.323000E+04 
351 1.393000E+04 1.453300E+04 
352 1.373300E+04 1.397300E+04 
353 1.297200E+04 1.304500E+04 
354 1.235600E+04 1.316200E+04 
355 1.342000E+04 1.370200E+04 
356 1.375500E+04 1.377400E+04 
357 1.369300E+04 1.475600E+04 
358 1.345000E+04 1.397500E+04 
359 1.440700E+04 1.467800E+04 
360 1.295000E+04 1.339900E+04 
361 1.351200E+04 1.338000E+04 
362 1.246800E+04 1.337400E+04 
363 1.350700E+04 1.512900E+04 
364 1.294500E+04 1.334400E+04 
365 1.339100E+04 1.270500E+04 
366 1.372300E+04 1.405900E+04 
367 1.324900E+04 1.425300E+04 
368 1.365500E+04 1.423500E+04 
369 1.410000E+04 1.456500E+04 
370 1.292100E+04 1.309700E+04 
371 1.377800E+04 1.315800E+04 
372 1.362300E+04 1.339900E+04 
373 1.393400E+04 1.440200E+04 
374 1.313800E+04 1.374200E+04 
375 1.311000E+04 1.380900E+04 
376 1.276200E+04 1.319500E+04 
377 1.346300E+04 1.294100E+04 
378 1.463300E+04 1.502700E+04 
379 1.233100E+04 1.344100E+04 
380 1.339300E+04 1.460000E+04 
381 1.348700E+04 1.367600E+04 
382 1.410500E+04 1.419200E+04 
383 1.305500E+04 1.284000E+04 
384 1.229600E+04 1.310000E+04 
385 1.347700E+04 1.411600E+04 
386 1.319100E+04 1.322900E+04 
387 1.460000E+04 1.486400E+04 
388 1.410200E+04 1.465900E+04 
389 1.273800E+04 1.347600E+04 
390 1.300400E+04 1.298200E+04 
391 1.336500E+04 1.381200E+04 
392 1.417700E+04 1.351100E+04 
393 1.428900E+04 1.383100E+04 
394 1.334000E+04 1.355700E+04 
395 1.323800E+04 1.320000E+04 
396 1.309900E+04 1.325300E+04 
397 1.315800E+04 1.344900E+04 
398 1.305800E+04 1.381000E+04 
399 1.225500E+04 1.252900E+04 
400 1.276000E+04 1.347400E+04 
401 1.242200E+04 1.315000E+04 
402 1.284400E+04 1.298600E+04 
403 1.340000E+04 1.362200E+04 
404 1.434000E+04 1.484200E+04 
405 1.225800E+04 1.305700E+04 
406 1.391000E+04 1.403100E+04 
407 1.404000E+04 1.426100E+04 
408 1.294400E+04 1.423500E+04 
409 1.309400E+04 1.384300E+04 
410 1.423200E+04 1.438200E+04 
411 1.329600E+04 1.357200E+04 
412 1.394100E+04 1.394100E+04 
413 1.225300E+04 1.328500E+04 
414 1.354900E+04 1.319000E+04 
415 1.286700E+04 1.399300E+04 
416 1.314900E+04 1.379700E+04 
417 1.324000E+04 1.338200E+04 
418 1.415400E+04 1.321700E+04 
419 1.366900E+04 1.413700E+04 
420 1.433500E+04 1.488900E+04 
421 1.517000E+04 1.558500E+04 
422 1.376100E+04 1.377400E+04 
423 1.230700E+04 1.253700E+04 
424 1.337100E+04 1.428400E+04 
425 1.438600E+04 1.489600E+04 
426 1.360100E+04 1.471700E+04 
427 1.387200E+04 1.467700E+04 
428 1.263200E+04 1.320700E+04 
429 1.353800E+04 1.353800E+04 
430 1.324600E+04 1.334900E+04 
431 1.349000E+04 1.342100E+04 
432 1.345800E+04 1.314100E+04 
433 1.355200E+04 1.428900E+04 
434 1.310800E+04 1.380100E+04 
435 1.413200E+04 1.394400E+04 
436 1.386900E+04 1.421300E+04 
437 1.496800E+04 1.444100E+04 
438 1.335400E+04 1.403200E+04 
439 1.266800E+04 1.306500E+04 
440 1.418700E+04 1.385700E+04 
441 1.369500E+04 1.434300E+04 
442 1.391800E+04 1.466700E+04 
443 1.344700E+04 1.308100E+04 
444 1.405200E+04 1.437600E+04 
445 1.311700E+04 1.343600E+04 
446 1.341400E+04 1.393000E+04 
447 1.377900E+04 1.412800E+04 
448 1.458600E+04 1.403500E+04 
449 1.275100E+04 1.376800E+04 
450 1.321300E+04 1.380900E+04 
451 1.375200E+04 1.363300E+04 
452 1.404100E+04 1.363900E+04 
453 1.313100E+04 1.326600E+04 
454 1.171700E+04 1.284600E+04 
455 1.479100E+04 1.443300E+04 
456 1.443100E+04 1.489500E+04 
457 1.494500E+04 1.483500E+04 
458 1.349600E+04 1.423700E+04 
459 1.291100E+04 1.272600E+04 
460 1.339900E+04 1.367000E+04 
461 1.293200E+04 1.278500E+04 
462 1.327400E+04 1.367200E+04 
463 1.278200E+04 1.347700E+04 
464 1.412500E+04 1.381700E+04 
465 1.441200E+04 1.544800E+04 
466 1.284300E+04 1.354000E+04 
467 1.318400E+04 1.306700E+04 
468 1.407300E+04 1.401400E+04 
469 1.338600E+04 1.383700E+04 
470 1.358000E+04 1.375100E+04 
471 1.329600E+04 1.300900E+04 
472 1.353000E+04 1.379800E+04 
473 1.348300E+04 1.395800E+04 
474 1.342500E+04 1.287100E+04 
475 1.348200E+04 1.356100E+04 
476 1.295900E+04 1.371500E+04 
477 1.392800E+04 1.480900E+04 
478 1.323300E+04 1.357700E+04 
479 1.513800E+04 1.495500E+04 
480 1.394300E+04 1.464900E+04 
481 1.514700E+04 1.547300E+04 
482 1.323400E+04 1.358100E+04 
483 1.348400E+04 1.325800E+04 
484 1.477500E+04 1.498400E+04 
485 1.367300E+04 1.349200E+04 
486 1.263100E+04 1.337700E+04 
487 1.286800E+04 1.388500E+04 
488 1.240000E+04 1.289200E+04 
489 1.257600E+04 1.284900E+04 
490 1.239900E+04 1.390200E+04 
491 1.313100E+04 1.374100E+04 
492 1.306300E+04 1.307800E+04 
493 1.244600E+04 1.321600E+04 
494 1.248900E+04 1.308800E+04 
495 1.351700E+04 1.323200E+04 
496 1.262400E+04 1.342800E+04 
497 1.449800E+04 1.468800E+04 
498 1.281700E+04 1.388600E+04 
499 1.358200E+04 1.410500E+04 
END