2200
200 1.380200E+04 1.394500E+04 1.428700E+04 1.317700E+04 1.523900E+04 1.406300E+04 1.475900E+04 1.394200E+04 1.365100E+04 1.382900E+04 
201 1.382700E+04 1.348500E+04 1.466400E+04 1.418900E+04 1.487100E+04 1.391600E+04 1.479600E+04 1.434500E+04 1.359100E+04 1.384200E+04 
202 1.327900E+04 1.404300E+04 1.458000E+04 1.413100E+04 1.450000E+04 1.402200E+04 1.471000E+04 1.463200E+04 1.456300E+04 1.360000E+04 
203 1.350700E+04 1.340700E+04 1.395000E+04 1.349400E+04 1.463100E+04 1.419700E+04 1.478700E+04 1.341400E+04 1.341300E+04 1.361900E+04 
204 1.337700E+04 1.396300E+04 1.370900E+04 1.403800E+04 1.468000E+04 1.376200E+04 1.405500E+04 1.377300E+04 1.372700E+04 1.395300E+04 
205 1.294600E+04 1.378100E+04 1.433000E+04 1.351800E+04 1.463000E+04 1.365200E+04 1.462900E+04 1.394500E+04 1.364300E+04 1.316900E+04 
206 1.426600E+04 1.313300E+04 1.397300E+04 1.419400E+04 1.463600E+04 1.405300E+04 1.483600E+04 1.405000E+04 1.377800E+04 1.360800E+04 
207 1.324600E+04 1.320700E+04 1.421500E+04 1.365600E+04 1.455700E+04 1.382200E+04 1.475500E+04 1.399700E+04 1.395600E+04 1.334800E+04 
208 1.358300E+04 1.375600E+04 1.430200E+04 1.429300E+04 1.486300E+04 1.412200E+04 1.555700E+04 1.377400E+04 1.427500E+04 1.388100E+04 
209 1.368400E+04 1.364000E+04 1.474800E+04 1.404700E+04 1.466800E+04 1.425600E+04 1.483900E+04 1.377600E+04 1.444200E+04 1.380700E+04 
210 1.340300E+04 1.288400E+04 1.391700E+04 1.361100E+04 1.451800E+04 1.386300E+04 1.439900E+04 1.376200E+04 1.343800E+04 1.450300E+04 
211 1.380000E+04 1.387800E+04 1.420500E+04 1.382600E+04 1.478000E+04 1.401200E+04 1.522300E+04 1.380700E+04 1.444500E+04 1.336700E+04 
212 1.411400E+04 1.422500E+04 1.446100E+04 1.407600E+04 1.491400E+04 1.386900E+04 1.519200E+04 1.451500E+04 1.422700E+04 1.436700E+04 
213 1.335800E+04 1.283700E+04 1.456700E+04 1.326900E+04 1.459900E+04 1.385600E+04 1.467600E+04 1.359400E+04 1.375400E+04 1.343900E+04 
214 1.339100E+04 1.416300E+04 1.447600E+04 1.355800E+04 1.438800E+04 1.395000E+04 1.497600E+04 1.372100E+04 1.374400E+04 1.346700E+04 
215 1.312100E+04 1.392500E+04 1.462900E+04 1.322300E+04 1.518600E+04 1.362900E+04 1.541900E+04 1.399600E+04 1.448700E+04 1.411000E+04 
216 1.354200E+04 1.373900E+04 1.363100E+04 1.377200E+04 1.483400E+04 1.362400E+04 1.467600E+04 1.460900E+04 1.418700E+04 1.370900E+04 
217 1.361300E+04 1.372800E+04 1.498300E+04 1.390400E+04 1.470400E+04 1.441400E+04 1.457300E+04 1.358800E+04 1.379400E+04 1.420300E+04 
218 1.373800E+04 1.386400E+04 1.482100E+04 1.402700E+04 1.524200E+04 1.446200E+04 1.568800E+04 1.473000E+04 1.440200E+04 1.403200E+04 
219 1.375500E+04 1.353200E+04 1.441200E+04 1.337400E+04 1.478400E+04 1.423300E+04 1.473600E+04 1.340800E+04 1.422800E+04 1.413400E+04 
220 1.364400E+04 1.297800E+04 1.408600E+04 1.414100E+04 1.376400E+04 1.383600E+04 1.485300E+04 1.438000E+04 1.342400E+04 1.367700E+04 
221 1.332200E+04 1.368900E+04 1.468800E+04 1.302500E+04 1.494000E+04 1.332000E+04 1.493700E+04 1.330300E+04 1.354000E+04 1.356500E+04 
222 1.356700E+04 1.300600E+04 1.423800E+04 1.336700E+04 1.489300E+04 1.380700E+04 1.502500E+04 1.406400E+04 1.357800E+04 1.399100E+04 
223 1.348700E+04 1.372100E+04 1.421200E+04 1.306900E+04 1.476000E+04 1.355000E+04 1.468000E+04 1.364500E+04 1.405600E+04 1.380900E+04 
224 1.357500E+04 1.441000E+04 1.437600E+04 1.402300E+04 1.471400E+04 1.406900E+04 1.502700E+04 1.424000E+04 1.412900E+04 1.384700E+04 
225 1.335000E+04 1.377000E+04 1.482900E+04 1.437700E+04 1.516700E+04 1.454900E+04 1.502900E+04 1.460800E+04 1.422100E+04 1.465800E+04 
226 1.305500E+04 1.378800E+04 1.420300E+04 1.401600E+04 1.433900E+04 1.401400E+04 1.461000E+04 1.382500E+04 1.342800E+04 1.426900E+04 
227 1.324600E+04 1.366500E+04 1.367400E+04 1.328900E+04 1.470000E+04 1.342600E+04 1.479500E+04 1.360900E+04 1.323400E+04 1.382400E+04 
228 1.308800E+04 1.274900E+04 1.378600E+04 1.335000E+04 1.388700E+04 1.372300E+04 1.494000E+04 1.348300E+04 1.358700E+04 1.362000E+04 
229 1.360300E+04 1.422700E+04 1.430500E+04 1.338800E+04 1.521000E+04 1.393200E+04 1.495700E+04 1.337100E+04 1.378900E+04 1.390200E+04 
230 1.381400E+04 1.396100E+04 1.419200E+04 1.337600E+04 1.436600E+04 1.396800E+04 1.501000E+04 1.355500E+04 1.395200E+04 1.402800E+04 
231 1.332200E+04 1.338400E+04 1.390100E+04 1.371700E+04 1.474600E+04 1.371400E+04 1.494100E+04 1.438300E+04 1.358400E+04 1.367500E+04 
232 1.330600E+04 1.318800E+04 1.373000E+04 1.306500E+04 1.440200E+04 1.356400E+04 1.504500E+04 1.413300E+04 1.368900E+04 1.335900E+04 
233 1.376000E+04 1.374300E+04 1.400100E+04 1.352100E+04 1.452300E+04 1.376700E+04 1.479800E+04 1.378100E+04 1.442800E+04 1.382900E+04 
234 1.263500E+04 1.384900E+04 1.400500E+04 1.389000E+04 1.443800E+04 1.420900E+04 1.473000E+04 1.411600E+04 1.390200E+04 1.364300E+04 
235 1.335900E+04 1.377500E+04 1.401300E+04 1.327100E+04 1.441000E+04 1.454400E+04 1.472600E+04 1.430600E+04 1.415400E+04 1.458200E+04 
236 1.382400E+04 1.345000E+04 1.445000E+04 1.413200E+04 1.500900E+04 1.408900E+04 1.465400E+04 1.417700E+04 1.390000E+04 1.413800E+04 
237 1.330800E+04 1.354300E+04 1.441800E+04 1.313600E+04 1.489000E+04 1.365500E+04 1.436200E+04 1.366000E+04 1.336800E+04 1.325200E+04 
238 1.338600E+04 1.377600E+04 1.360400E+04 1.368900E+04 1.428900E+04 1.418000E+04 1.482900E+04 1.420300E+04 1.403600E+04 1.387200E+04 
239 1.341600E+04 1.381400E+04 1.456000E+04 1.361600E+04 1.522400E+04 1.400300E+04 1.504600E+04 1.383300E+04 1.407800E+04 1.426600E+04 
240 1.313200E+04 1.341300E+04 1.424800E+04 1.340900E+04 1.464500E+04 1.354900E+04 1.462800E+04 1.405300E+04 1.390100E+04 1.321400E+04 
241 1.359800E+04 1.451300E+04 1.419500E+04 1.309100E+04 1.476500E+04 1.413800E+04 1.482100E+04 1.368400E+04 1.442300E+04 1.381200E+04 
242 1.396000E+04 1.382000E+04 1.455900E+04 1.386100E+04 1.472500E+04 1.457300E+04 1.498200E+04 1.452900E+04 1.447900E+04 1.406500E+04 
243 1.352600E+04 1.370700E+04 1.461300E+04 1.419900E+04 1.499300E+04 1.425900E+04 1.554200E+04 1.405700E+04 1.419400E+04 1.371900E+04 
244 1.396900E+04 1.349900E+04 1.445200E+04 1.354900E+04 1.475700E+04 1.468600E+04 1.394900E+04 1.414600E+04 1.387000E+04 1.389000E+04 
245 1.355400E+04 1.325300E+04 1.392000E+04 1.350600E+04 1.438800E+04 1.345400E+04 1.414600E+04 1.391000E+04 1.306100E+04 1.374400E+04 
246 1.318200E+04 1.404400E+04 1.424500E+04 1.373400E+04 1.492900E+04 1.412900E+04 1.456800E+04 1.396700E+04 1.445400E+04 1.321400E+04 
247 1.349700E+04 1.400700E+04 1.397400E+04 1.343900E+04 1.516500E+04 1.428400E+04 1.507000E+04 1.433200E+04 1.365700E+04 1.369000E+04 
248 1.406300E+04 1.309100E+04 1.447000E+04 1.359700E+04 1.523700E+04 1.402800E+04 1.464500E+04 1.349900E+04 1.378300E+04 1.342000E+04 
249 1.316700E+04 1.385700E+04 1.400600E+04 1.353200E+04 1.443300E+04 1.391500E+04 1.501900E+04 1.424300E+04 1.389100E+04 1.390300E+04 
250 1.330000E+04 1.356300E+04 1.418100E+04 1.329500E+04 1.450700E+04 1.433000E+04 1.461700E+04 1.414000E+04 1.385200E+04 1.347200E+04 
251 1.415900E+04 1.350300E+04 1.497900E+04 1.413300E+04 1.490300E+04 1.441000E+04 1.483200E+04 1.407100E+04 1.420500E+04 1.346200E+04 
252 1.383900E+04 1.401200E+04 1.446900E+04 1.399900E+04 1.465400E+04 1.450900E+04 1.504400E+04 1.423000E+04 1.439300E+04 1.346200E+04 
253 1.396500E+04 1.402000E+04 1.417000E+04 1.396700E+04 1.491300E+04 1.456600E+04 1.500000E+04 1.366300E+04 1.358900E+04 1.382400E+04 
254 1.327300E+04 1.338700E+04 1.476700E+04 1.408700E+04 1.519200E+04 1.396500E+04 1.479500E+04 1.459400E+04 1.383400E+04 1.419800E+04 
255 1.300900E+04 1.296900E+04 1.448000E+04 1.348200E+04 1.492700E+04 1.366600E+04 1.481500E+04 1.376100E+04 1.456700E+04 1.419500E+04 
256 1.367300E+04 1.387100E+04 1.449300E+04 1.335700E+04 1.470300E+04 1.417000E+04 1.457800E+04 1.390000E+04 1.339100E+04 1.423000E+04 
257 1.367300E+04 1.382600E+04 1.468300E+04 1.407200E+04 1.489600E+04 1.411100E+04 1.566400E+04 1.458600E+04 1.403600E+04 1.378400E+04 
258 1.385700E+04 1.400000E+04 1.442700E+04 1.351800E+04 1.450700E+04 1.429600E+04 1.483900E+04 1.431600E+04 1.365900E+04 1.302000E+04 
259 1.281400E+04 1.391900E+04 1.427700E+04 1.363900E+04 1.449500E+04 1.425100E+04 1.473200E+04 1.370200E+04 1.417200E+04 1.309100E+04 
260 1.383200E+04 1.340100E+04 1.469700E+04 1.443900E+04 1.526700E+04 1.398200E+04 1.542700E+04 1.368800E+04 1.396500E+04 1.361300E+04 
261 1.352000E+04 1.332400E+04 1.381800E+04 1.366000E+04 1.465900E+04 1.352400E+04 1.483400E+04 1.374600E+04 1.462800E+04 1.357700E+04 
262 1.395100E+04 1.366700E+04 1.504400E+04 1.381600E+04 1.421400E+04 1.425400E+04 1.518200E+04 1.470100E+04 1.414300E+04 1.406600E+04 
263 1.464900E+04 1.446500E+04 1.526200E+04 1.449000E+04 1.570300E+04 1.480500E+04 1.596400E+04 1.491900E+04 1.542900E+04 1.504300E+04 
264 1.446000E+04 1.455600E+04 1.541900E+04 1.498000E+04 1.566600E+04 1.476600E+04 1.572100E+04 1.526300E+04 1.475800E+04 1.450000E+04 
265 1.352100E+04 1.355500E+04 1.423800E+04 1.364200E+04 1.502000E+04 1.387100E+04 1.458100E+04 1.341500E+04 1.430100E+04 1.395500E+04 
266 1.358000E+04 1.303000E+04 1.413900E+04 1.324700E+04 1.406200E+04 1.335700E+04 1.449900E+04 1.409300E+04 1.326100E+04 1.298500E+04 
267 1.370600E+04 1.359800E+04 1.417200E+04 1.390200E+04 1.440400E+04 1.389400E+04 1.504300E+04 1.362900E+04 1.414800E+04 1.372600E+04 
268 1.330500E+04 1.337800E+04 1.376500E+04 1.321000E+04 1.473300E+04 1.392400E+04 1.501200E+04 1.381100E+04 1.362200E+04 1.346200E+04 
269 1.308800E+04 1.306100E+04 1.440400E+04 1.379700E+04 1.532300E+04 1.354800E+04 1.508800E+04 1.350100E+04 1.399100E+04 1.388600E+04 
270 1.385200E+04 1.410100E+04 1.499800E+04 1.432200E+04 1.501900E+04 1.421400E+04 1.496800E+04 1.423500E+04 1.445700E+04 1.373400E+04 
271 1.397800E+04 1.384200E+04 1.486500E+04 1.388400E+04 1.542300E+04 1.458100E+04 1.555500E+04 1.402800E+04 1.447200E+04 1.466500E+04 
272 1.372800E+04 1.346200E+04 1.407000E+04 1.398200E+04 1.463200E+04 1.424400E+04 1.529500E+04 1.392200E+04 1.398300E+04 1.388100E+04 
273 1.309700E+04 1.309000E+04 1.396200E+04 1.268600E+04 1.428300E+04 1.368300E+04 1.429700E+04 1.406700E+04 1.333300E+04 1.345800E+04 
274 1.387600E+04 1.407400E+04 1.412600E+04 1.415400E+04 1.471700E+04 1.413300E+04 1.550900E+04 1.371200E+04 1.393700E+04 1.421000E+04 
275 1.339700E+04 1.384200E+04 1.406200E+04 1.384600E+04 1.516900E+04 1.426600E+04 1.483900E+04 1.376900E+04 1.402300E+04 1.369800E+04 
276 1.382100E+04 1.376700E+04 1.436000E+04 1.392700E+04 1.509000E+04 1.372500E+04 1.441700E+04 1.407700E+04 1.443100E+04 1.404800E+04 
277 1.377000E+04 1.395800E+04 1.433300E+04 1.390300E+04 1.435300E+04 1.431500E+04 1.561600E+04 1.438300E+04 1.417700E+04 1.418100E+04 
278 1.331600E+04 1.329200E+04 1.420200E+04 1.365800E+04 1.417800E+04 1.347500E+04 1.443200E+04 1.360800E+04 1.367900E+04 1.365200E+04 
279 1.313900E+04 1.338600E+04 1.402700E+04 1.328200E+04 1.499800E+04 1.387100E+04 1.463200E+04 1.375100E+04 1.362800E+04 1.318800E+04 
280 1.431300E+04 1.355900E+04 1.493800E+04 1.357400E+04 1.423200E+04 1.457500E+04 1.483300E+04 1.412100E+04 1.391700E+04 1.360200E+04 
281 1.386500E+04 1.387000E+04 1.453500E+04 1.448200E+04 1.526100E+04 1.432000E+04 1.515700E+04 1.410800E+04 1.348100E+04 1.400400E+04 
282 1.309400E+04 1.315400E+04 1.378600E+04 1.297900E+04 1.465800E+04 1.341600E+04 1.469500E+04 1.355500E+04 1.323900E+04 1.362900E+04 
283 1.382700E+04 1.374400E+04 1.450800E+04 1.420100E+04 1.444300E+04 1.460300E+04 1.488400E+04 1.362600E+04 1.419300E+04 1.391200E+04 
284 1.309000E+04 1.346200E+04 1.496800E+04 1.362800E+04 1.468600E+04 1.404100E+04 1.511700E+04 1.382500E+04 1.415500E+04 1.362300E+04 
285 1.417900E+04 1.385300E+04 1.452600E+04 1.364000E+04 1.473600E+04 1.416100E+04 1.477800E+04 1.408100E+04 1.425900E+04 1.401400E+04 
286 1.331500E+04 1.354900E+04 1.426200E+04 1.328200E+04 1.465800E+04 1.361000E+04 1.435500E+04 1.433300E+04 1.393900E+04 1.376700E+04 
287 1.384200E+04 1.337900E+04 1.394600E+04 1.355200E+04 1.470500E+04 1.378200E+04 1.456500E+04 1.420500E+04 1.408300E+04 1.422300E+04 
288 1.314800E+04 1.434000E+04 1.462100E+04 1.359100E+04 1.485400E+04 1.370800E+04 1.477100E+04 1.422300E+04 1.419200E+04 1.407100E+04 
289 1.308900E+04 1.368300E+04 1.427400E+04 1.334800E+04 1.463900E+04 1.399100E+04 1.420700E+04 1.367700E+04 1.381800E+04 1.346200E+04 
290 1.388400E+04 1.361900E+04 1.388800E+04 1.354400E+04 1.480000E+04 1.393900E+04 1.438700E+04 1.370100E+04 1.419100E+04 1.370900E+04 
291 1.345000E+04 1.361800E+04 1.459000E+04 1.391200E+04 1.455600E+04 1.420900E+04 1.558400E+04 1.403000E+04 1.411900E+04 1.395300E+04 
292 1.311400E+04 1.309100E+04 1.440800E+04 1.404100E+04 1.461300E+04 1.378600E+04 1.466400E+04 1.375500E+04 1.388400E+04 1.312700E+04 
293 1.404100E+04 1.396800E+04 1.489300E+04 1.418700E+04 1.524300E+04 1.439400E+04 1.520300E+04 1.344400E+04 1.375700E+04 1.386400E+04 
294 1.356700E+04 1.425300E+04 1.416200E+04 1.361700E+04 1.448700E+04 1.443300E+04 1.475900E+04 1.390500E+04 1.410800E+04 1.398900E+04 
295 1.410600E+04 1.336400E+04 1.363400E+04 1.314000E+04 1.465700E+04 1.389700E+04 1.473800E+04 1.371800E+04 1.347300E+04 1.368400E+04 
296 1.415500E+04 1.442700E+04 1.465300E+04 1.416800E+04 1.480500E+04 1.471200E+04 1.461100E+04 1.419700E+04 1.412500E+04 1.421900E+04 
297 1.372800E+04 1.438800E+04 1.469300E+04 1.426200E+04 1.459500E+04 1.454000E+04 1.509200E+04 1.429400E+04 1.380000E+04 1.407700E+04 
298 1.354100E+04 1.355700E+04 1.403700E+04 1.385200E+04 1.472000E+04 1.383800E+04 1.444200E+04 1.409100E+04 1.413200E+04 1.338400E+04 
299 1.326100E+04 1.342000E+04 1.439400E+04 1.326700E+04 1.437100E+04 1.428000E+04 1.457800E+04 1.416000E+04 1.346000E+04 1.350100E+04 
300 1.348400E+04 1.289300E+04 1.369700E+04 1.322000E+04 1.444300E+04 1.397900E+04 1.448800E+04 1.391300E+04 1.349500E+04 1.306900E+04 
301 1.372100E+04 1.385100E+04 1.457000E+04 1.371300E+04 1.507700E+04 1.409200E+04 1.477600E+04 1.361800E+04 1.391400E+04 1.458000E+04 
302 1.395200E+04 1.417000E+04 1.490400E+04 1.421900E+04 1.487400E+04 1.473900E+04 1.496900E+04 1.407600E+04 1.421900E+04 1.404500E+04 
303 1.340600E+04 1.412500E+04 1.445500E+04 1.330200E+04 1.457200E+04 1.455200E+04 1.450400E+04 1.442800E+04 1.406700E+04 1.379800E+04 
304 1.454200E+04 1.398100E+04 1.501000E+04 1.418500E+04 1.481600E+04 1.486600E+04 1.552700E+04 1.447600E+04 1.412800E+04 1.400900E+04 
305 1.311200E+04 1.376100E+04 1.418500E+04 1.355700E+04 1.436500E+04 1.404600E+04 1.435700E+04 1.378000E+04 1.378800E+04 1.378100E+04 
306 1.453700E+04 1.455700E+04 1.510400E+04 1.419600E+04 1.534600E+04 1.480700E+04 1.609200E+04 1.501100E+04 1.464500E+04 1.518300E+04 
307 1.320100E+04 1.355200E+04 1.389600E+04 1.350000E+04 1.486400E+04 1.364800E+04 1.451300E+04 1.366700E+04 1.359500E+04 1.374600E+04 
308 1.329900E+04 1.385300E+04 1.467800E+04 1.379600E+04 1.465600E+04 1.330800E+04 1.492800E+04 1.400200E+04 1.383700E+04 1.361700E+04 
309 1.368000E+04 1.387300E+04 1.464600E+04 1.354700E+04 1.455100E+04 1.451400E+04 1.514100E+04 1.392800E+04 1.382900E+04 1.388300E+04 
310 1.407400E+04 1.470400E+04 1.486600E+04 1.400100E+04 1.528200E+04 1.431300E+04 1.511800E+04 1.427700E+04 1.439400E+04 1.423700E+04 
311 1.347900E+04 1.294000E+04 1.456600E+04 1.379800E+04 1.451000E+04 1.333000E+04 1.496300E+04 1.357300E+04 1.412200E+04 1.398400E+04 
312 1.385000E+04 1.398500E+04 1.493200E+04 1.395200E+04 1.523700E+04 1.449200E+04 1.470100E+04 1.481000E+04 1.435000E+04 1.394300E+04 
313 1.298600E+04 1.371400E+04 1.359500E+04 1.353200E+04 1.469500E+04 1.313800E+04 1.480300E+04 1.390200E+04 1.345500E+04 1.348900E+04 
314 1.282500E+04 1.366700E+04 1.366700E+04 1.335700E+04 1.451300E+04 1.407600E+04 1.462200E+04 1.359200E+04 1.398800E+04 1.330100E+04 
315 1.392300E+04 1.398000E+04 1.443300E+04 1.396400E+04 1.480400E+04 1.383300E+04 1.472600E+04 1.416300E+04 1.412900E+04 1.372100E+04 
316 1.354000E+04 1.366600E+04 1.397100E+04 1.376200E+04 1.500100E+04 1.334800E+04 1.460300E+04 1.401400E+04 1.427000E+04 1.372200E+04 
317 1.449200E+04 1.442000E+04 1.403000E+04 1.405600E+04 1.516200E+04 1.465500E+04 1.533800E+04 1.471600E+04 1.420200E+04 1.384000E+04 
318 1.320200E+04 1.391100E+04 1.372400E+04 1.348700E+04 1.479400E+04 1.347900E+04 1.469500E+04 1.390000E+04 1.429800E+04 1.343900E+04 
319 1.368300E+04 1.371500E+04 1.408900E+04 1.307400E+04 1.430400E+04 1.427900E+04 1.486000E+04 1.376400E+04 1.411700E+04 1.372200E+04 
320 1.350800E+04 1.398900E+04 1.439300E+04 1.391300E+04 1.474100E+04 1.427800E+04 1.477600E+04 1.349100E+04 1.372700E+04 1.442400E+04 
321 1.322000E+04 1.371900E+04 1.414000E+04 1.303400E+04 1.472100E+04 1.350600E+04 1.498200E+04 1.367700E+04 1.391700E+04 1.390600E+04 
322 1.399700E+04 1.420600E+04 1.475200E+04 1.478600E+04 1.491500E+04 1.458700E+04 1.550800E+04 1.456100E+04 1.460000E+04 1.397900E+04 
323 1.301400E+04 1.390800E+04 1.420400E+04 1.340600E+04 1.451000E+04 1.360800E+04 1.443300E+04 1.378200E+04 1.354500E+04 1.349200E+04 
324 1.346600E+04 1.340100E+04 1.379400E+04 1.342300E+04 1.454900E+04 1.318300E+04 1.471900E+04 1.336200E+04 1.343800E+04 1.373300E+04 
325 1.353700E+04 1.351500E+04 1.401900E+04 1.338700E+04 1.496200E+04 1.335500E+04 1.473300E+04 1.334100E+04 1.415100E+04 1.355600E+04 
326 1.393800E+04 1.372300E+04 1.437300E+04 1.366700E+04 1.479300E+04 1.449700E+04 1.543700E+04 1.415900E+04 1.402800E+04 1.404600E+04 
327 1.457100E+04 1.422900E+04 1.480400E+04 1.514100E+04 1.585600E+04 1.513400E+04 1.617900E+04 1.498700E+04 1.495300E+04 1.473600E+04 
328 1.411100E+04 1.391000E+04 1.472000E+04 1.407800E+04 1.552000E+04 1.425000E+04 1.499600E+04 1.424400E+04 1.409300E+04 1.391000E+04 
329 1.344600E+04 1.416500E+04 1.494100E+04 1.373400E+04 1.484500E+04 1.412600E+04 1.461600E+04 1.391900E+04 1.408000E+04 1.397300E+04 
330 1.416200E+04 1.438600E+04 1.483600E+04 1.384200E+04 1.509800E+04 1.425100E+04 1.546200E+04 1.395600E+04 1.419000E+04 1.422300E+04 
331 1.388700E+04 1.383000E+04 1.512200E+04 1.380100E+04 1.479700E+04 1.402400E+04 1.509800E+04 1.396100E+04 1.393500E+04 1.378700E+04 
332 1.331000E+04 1.368700E+04 1.429100E+04 1.307000E+04 1.508800E+04 1.379400E+04 1.536500E+04 1.368400E+04 1.340500E+04 1.394100E+04 
333 1.437600E+04 1.404300E+04 1.528000E+04 1.397000E+04 1.516100E+04 1.451300E+04 1.493300E+04 1.398000E+04 1.454000E+04 1.364900E+04 
334 1.419700E+04 1.397100E+04 1.447100E+04 1.382000E+04 1.534300E+04 1.403400E+04 1.490800E+04 1.384100E+04 1.418200E+04 1.409900E+04 
335 1.275200E+04 1.315200E+04 1.402900E+04 1.328900E+04 1.474500E+04 1.364100E+04 1.484200E+04 1.381900E+04 1.378100E+04 1.350100E+04 
336 1.354200E+04 1.353400E+04 1.462100E+04 1.337300E+04 1.470900E+04 1.366800E+04 1.483100E+04 1.442800E+04 1.368000E+04 1.411500E+04 
337 1.344900E+04 1.397700E+04 1.457200E+04 1.413500E+04 1.517000E+04 1.390000E+04 1.493300E+04 1.454400E+04 1.482300E+04 1.393100E+04 
338 1.409500E+04 1.437900E+04 1.441200E+04 1.431600E+04 1.489200E+04 1.441000E+04 1.499900E+04 1.455200E+04 1.454700E+04 1.458600E+04 
339 1.359500E+04 1.326600E+04 1.520800E+04 1.364900E+04 1.509600E+04 1.381600E+04 1.499400E+04 1.401500E+04 1.453000E+04 1.415500E+04 
340 1.335000E+04 1.332000E+04 1.432600E+04 1.364800E+04 1.433800E+04 1.344300E+04 1.474300E+04 1.358900E+04 1.379900E+04 1.351300E+04 
341 1.359200E+04 1.378500E+04 1.379400E+04 1.354300E+04 1.428100E+04 1.342100E+04 1.487100E+04 1.372100E+04 1.416900E+04 1.387600E+04 
342 1.352100E+04 1.343700E+04 1.439600E+04 1.317300E+04 1.412900E+04 1.407600E+04 1.483600E+04 1.401200E+04 1.335400E+04 1.352700E+04 
343 1.335800E+04 1.320900E+04 1.444100E+04 1.345500E+04 1.485600E+04 1.364600E+04 1.445200E+04 1.340900E+04 1.361000E+04 1.352400E+04 
344 1.369800E+04 1.412000E+04 1.442000E+04 1.344900E+04 1.496000E+04 1.389900E+04 1.468400E+04 1.379700E+04 1.386000E+04 1.457000E+04 
345 1.352800E+04 1.371100E+04 1.438100E+04 1.363200E+04 1.449400E+04 1.400700E+04 1.469800E+04 1.393900E+04 1.405200E+04 1.415900E+04 
346 1.363700E+04 1.359900E+04 1.399400E+04 1.368700E+04 1.389100E+04 1.444700E+04 1.534400E+04 1.360000E+04 1.366400E+04 1.387600E+04 
347 1.331900E+04 1.359300E+04 1.367800E+04 1.339900E+04 1.427600E+04 1.372200E+04 1.465200E+04 1.337200E+04 1.379800E+04 1.330700E+04 
348 1.424800E+04 1.471700E+04 1.518900E+04 1.403800E+04 1.529800E+04 1.461100E+04 1.534300E+04 1.483000E+04 1.473000E+04 1.482800E+04 
349 1.301000E+04 1.411000E+04 1.394700E+04 1.376100E+04 1.428100E+04 1.350100E+04 1.452600E+04 1.352600E+04 1.396300E+04 1.315500E+04 
350 1.320500E+04 1.379400E+04 1.471200E+04 1.391600E+04 1.531800E+04 1.352300E+04 1.534600E+04 1.370600E+04 1.392800E+04 1.372100E+04 
351 1.354800E+04 1.357100E+04 1.446800E+04 1.395800E+04 1.522200E+04 1.410700E+04 1.493000E+04 1.385700E+04 1.413800E+04 1.348700E+04 
352 1.320100E+04 1.390400E+04 1.437400E+04 1.361100E+04 1.415200E+04 1.370700E+04 1.468200E+04 1.391000E+04 1.391600E+04 1.395900E+04 
353 1.325700E+04 1.299600E+04 1.385300E+04 1.366900E+04 1.481600E+04 1.425100E+04 1.481000E+04 1.400500E+04 1.405700E+04 1.366600E+04 
354 1.352600E+04 1.343900E+04 1.451200E+04 1.372900E+04 1.424400E+04 1.393000E+04 1.481600E+04 1.432300E+04 1.381800E+04 1.411100E+04 
355 1.328200E+04 1.392800E+04 1.418700E+04 1.369200E+04 1.535400E+04 1.367600E+04 1.566600E+04 1.445200E+04 1.409500E+04 1.410900E+04 
356 1.414600E+04 1.356800E+04 1.442300E+04 1.393300E+04 1.481500E+04 1.423300E+04 1.427900E+04 1.367500E+04 1.417200E+04 1.353700E+04 
357 1.333200E+04 1.348200E+04 1.433400E+04 1.327700E+04 1.482200E+04 1.356200E+04 1.450100E+04 1.328500E+04 1.376200E+04 1.366900E+04 
358 1.394200E+04 1.358300E+04 1.423800E+04 1.408200E+04 1.494900E+04 1.416900E+04 1.500400E+04 1.386900E+04 1.415100E+04 1.401000E+04 
359 1.350300E+04 1.424800E+04 1.446200E+04 1.311700E+04 1.463800E+04 1.409800E+04 1.446100E+04 1.403600E+04 1.420700E+04 1.352600E+04 
360 1.346300E+04 1.333800E+04 1.396300E+04 1.377100E+04 1.452800E+04 1.350600E+04 1.482900E+04 1.380100E+04 1.399200E+04 1.369000E+04 
361 1.369700E+04 1.324900E+04 1.437000E+04 1.403100E+04 1.462400E+04 1.392700E+04 1.485600E+04 1.362800E+04 1.349900E+04 1.362400E+04 
362 1.329200E+04 1.383200E+04 1.430100E+04 1.307200E+04 1.408100E+04 1.355600E+04 1.406100E+04 1.397900E+04 1.380700E+04 1.378900E+04 
363 1.352600E+04 1.441400E+04 1.463700E+04 1.397800E+04 1.410500E+04 1.448500E+04 1.506300E+04 1.371700E+04 1.419300E+04 1.403500E+04 
364 1.426500E+04 1.335000E+04 1.417400E+04 1.320300E+04 1.476900E+04 1.398100E+04 1.455600E+04 1.394900E+04 1.388200E+04 1.357900E+04 
365 1.318500E+04 1.392700E+04 1.466100E+04 1.381200E+04 1.509100E+04 1.360000E+04 1.509200E+04 1.410400E+04 1.406400E+04 1.384500E+04 
366 1.360500E+04 1.399600E+04 1.447400E+04 1.378700E+04 1.578800E+04 1.457300E+04 1.539800E+04 1.433400E+04 1.424800E+04 1.399200E+04 
367 1.383900E+04 1.373700E+04 1.420000E+04 1.351100E+04 1.504700E+04 1.348100E+04 1.435700E+04 1.402100E+04 1.383000E+04 1.373200E+04 
368 1.456600E+04 1.429300E+04 1.480400E+04 1.485800E+04 1.540200E+04 1.454500E+04 1.550400E+04 1.404100E+04 1.441300E+04 1.413500E+04 
369 1.470500E+04 1.453500E+04 1.553100E+04 1.482400E+04 1.525100E+04 1.528900E+04 1.587600E+04 1.487000E+04 1.449500E+04 1.444700E+04 
370 1.345500E+04 1.370400E+04 1.439700E+04 1.333400E+04 1.490100E+04 1.439700E+04 1.429500E+04 1.417700E+04 1.431200E+04 1.323500E+04 
371 1.405000E+04 1.400300E+04 1.466700E+04 1.430200E+04 1.545800E+04 1.424900E+04 1.499500E+04 1.441600E+04 1.368300E+04 1.384800E+04 
372 1.369100E+04 1.371200E+04 1.466900E+04 1.362400E+04 1.447200E+04 1.450300E+04 1.513900E+04 1.377500E+04 1.414600E+04 1.368500E+04 
373 1.335300E+04 1.360800E+04 1.422000E+04 1.326900E+04 1.524200E+04 1.414300E+04 1.506800E+04 1.327300E+04 1.389800E+04 1.418500E+04 
374 1.389800E+04 1.393400E+04 1.464300E+04 1.376200E+04 1.502300E+04 1.362000E+04 1.426300E+04 1.342400E+04 1.368700E+04 1.337900E+04 
375 1.348300E+04 1.349100E+04 1.456400E+04 1.396600E+04 1.498400E+04 1.391600E+04 1.517100E+04 1.356800E+04 1.453600E+04 1.369300E+04 
376 1.327300E+04 1.320000E+04 1.437900E+04 1.291800E+04 1.401000E+04 1.343000E+04 1.482400E+04 1.288900E+04 1.371900E+04 1.369400E+04 
377 1.376900E+04 1.401200E+04 1.472200E+04 1.395400E+04 1.473900E+04 1.430500E+04 1.502300E+04 1.369200E+04 1.367900E+04 1.391700E+04 
378 1.386000E+04 1.420300E+04 1.476900E+04 1.453100E+04 1.557700E+04 1.415700E+04 1.525900E+04 1.478700E+04 1.422500E+04 1.418800E+04 
379 1.369900E+04 1.392800E+04 1.481000E+04 1.377500E+04 1.419100E+04 1.420700E+04 1.525700E+04 1.418700E+04 1.427300E+04 1.385100E+04 
380 1.337100E+04 1.386900E+04 1.356700E+04 1.338800E+04 1.383300E+04 1.363400E+04 1.418700E+04 1.351000E+04 1.345400E+04 1.391700E+04 
381 1.334300E+04 1.348500E+04 1.421900E+04 1.399800E+04 1.443300E+04 1.394900E+04 1.493800E+04 1.434000E+04 1.393100E+04 1.358500E+04 
382 1.362200E+04 1.336100E+04 1.464300E+04 1.397400E+04 1.468300E+04 1.415000E+04 1.443200E+04 1.413700E+04 1.442400E+04 1.330700E+04 
383 1.345200E+04 1.349900E+04 1.461900E+04 1.363400E+04 1.408600E+04 1.387300E+04 1.525500E+04 1.376200E+04 1.379600E+04 1.381500E+04 
384 1.423600E+04 1.361600E+04 1.399700E+04 1.316100E+04 1.455700E+04 1.401300E+04 1.471500E+04 1.373400E+04 1.399300E+04 1.400200E+04 
385 1.308900E+04 1.363200E+04 1.382300E+04 1.337500E+04 1.410600E+04 1.375400E+04 1.474600E+04 1.355400E+04 1.386200E+04 1.359900E+04 
386 1.316100E+04 1.377700E+04 1.404500E+04 1.420400E+04 1.433500E+04 1.331500E+04 1.471900E+04 1.354400E+04 1.399500E+04 1.327200E+04 
387 1.485400E+04 1.435100E+04 1.534900E+04 1.441600E+04 1.519800E+04 1.464200E+04 1.567000E+04 1.511800E+04 1.452500E+04 1.518400E+04 
388 1.360300E+04 1.313800E+04 1.416300E+04 1.370700E+04 1.457100E+04 1.413900E+04 1.521400E+04 1.342800E+04 1.371600E+04 1.376600E+04 
389 1.410900E+04 1.343500E+04 1.426300E+04 1.380600E+04 1.456300E+04 1.367200E+04 1.469700E+04 1.425400E+04 1.397100E+04 1.346900E+04 
390 1.336500E+04 1.331600E+04 1.447100E+04 1.353400E+04 1.487800E+04 1.348600E+04 1.472700E+04 1.371600E+04 1.366900E+04 1.370400E+04 
391 1.333600E+04 1.415000E+04 1.417300E+04 1.366500E+04 1.503800E+04 1.370300E+04 1.527500E+04 1.388200E+04 1.440300E+04 1.401900E+04 
392 1.379000E+04 1.414600E+04 1.444600E+04 1.411900E+04 1.502900E+04 1.371500E+04 1.541400E+04 1.377900E+04 1.392500E+04 1.416500E+04 
393 1.319100E+04 1.337000E+04 1.408400E+04 1.324100E+04 1.433500E+04 1.355000E+04 1.448100E+04 1.341200E+04 1.412100E+04 1.344200E+04 
394 1.322100E+04 1.381900E+04 1.406700E+04 1.335900E+04 1.436500E+04 1.372500E+04 1.409300E+04 1.394800E+04 1.315800E+04 1.379600E+04 
395 1.363100E+04 1.400100E+04 1.464600E+04 1.375000E+04 1.505200E+04 1.421200E+04 1.481700E+04 1.428900E+04 1.455700E+04 1.402600E+04 
396 1.379400E+04 1.424600E+04 1.429800E+04 1.420200E+04 1.503200E+04 1.418400E+04 1.475400E+04 1.361300E+04 1.391000E+04 1.360600E+04 
397 1.335500E+04 1.378700E+04 1.431900E+04 1.356400E+04 1.497200E+04 1.340300E+04 1.501500E+04 1.391800E+04 1.299400E+04 1.398600E+04 
398 1.392900E+04 1.381000E+04 1.433600E+04 1.346200E+04 1.410000E+04 1.432900E+04 1.470400E+04 1.387900E+04 1.380900E+04 1.407400E+04 
399 1.396800E+04 1.382500E+04 1.425500E+04 1.417700E+04 1.503600E+04 1.467100E+04 1.508900E+04 1.327700E+04 1.366600E+04 1.394800E+04 
