600
0 8.181217E-01 8.543418E+00 
1 9.999170E-01 8.581975E+00 
2 2.917630E-01 8.641734E+00 
3 9.999788E-01 8.475119E+00 
4 9.561360E-01 8.502448E+00 
5 9.504672E-01 8.479919E+00 
6 9.998999E-01 8.517994E+00 
7 9.804215E-01 8.381944E+00 
8 9.129423E-01 8.372620E+00 
9 9.273418E-01 8.481458E+00 
10 9.743424E-01 8.433550E+00 
11 9.652201E-01 8.328920E+00 
12 9.943183E-01 8.398937E+00 
13 8.313616E-01 8.493638E+00 
14 9.938469E-01 8.619025E+00 
15 9.991021E-01 8.229364E+00 
16 9.855206E-01 8.377691E+00 
17 9.255762E-01 8.458981E+00 
18 9.910412E-01 8.387110E+00 
19 6.825715E-01 8.397236E+00 
20 9.671214E-01 8.435687E+00 
21 9.706508E-01 8.434873E+00 
22 9.746573E-01 8.359350E+00 
23 9.999994E-01 8.447036E+00 
24 8.194557E-01 8.558537E+00 
25 9.972805E-01 8.561226E+00 
26 9.999987E-01 8.609251E+00 
27 9.906192E-01 8.384425E+00 
28 1.000000E+00 8.438404E+00 
29 9.966486E-01 8.563010E+00 
30 9.967548E-01 8.547231E+00 
31 8.323925E-01 8.536013E+00 
32 6.951439E-01 8.380544E+00 
33 9.968341E-01 8.505941E+00 
34 9.925001E-01 8.659897E+00 
35 9.999490E-01 8.459534E+00 
36 9.994594E-01 8.618146E+00 
37 1.000000E+00 8.449272E+00 
38 9.749320E-01 8.307108E+00 
39 9.906111E-01 8.414770E+00 
40 9.801472E-01 8.442355E+00 
41 9.995176E-01 8.415797E+00 
42 9.866985E-01 8.298338E+00 
43 9.927199E-01 8.369016E+00 
44 9.999844E-01 8.459147E+00 
45 9.766788E-01 8.423527E+00 
46 9.999983E-01 8.307520E+00 
47 9.914203E-01 8.290532E+00 
48 9.896054E-01 8.738280E+00 
49 9.748497E-01 8.640865E+00 
50 9.640595E-01 8.492390E+00 
51 9.573027E-01 8.507285E+00 
52 9.997507E-01 8.418316E+00 
53 9.765171E-01 8.443804E+00 
54 9.919182E-01 8.529962E+00 
55 9.712728E-01 8.473860E+00 
56 9.534186E-01 8.434067E+00 
57 9.999999E-01 8.477803E+00 
58 9.999813E-01 8.263220E+00 
59 9.669021E-01 8.416880E+00 
60 4.904205E-01 8.543976E+00 
61 9.997031E-01 8.400032E+00 
62 9.925528E-01 8.383682E+00 
63 1.000000E+00 8.452023E+00 
64 6.577800E-01 8.526649E+00 
65 9.052921E-01 8.488574E+00 
66 9.999977E-01 8.561631E+00 
67 9.464391E-01 8.511208E+00 
68 6.308210E-01 8.558255E+00 
69 9.994635E-01 8.713405E+00 
70 3.910946E-01 8.430145E+00 
71 8.126532E-01 8.544402E+00 
72 9.999836E-01 8.477679E+00 
73 7.638840E-01 8.568730E+00 
74 9.131611E-01 8.380433E+00 
75 9.999536E-01 8.440091E+00 
76 9.998785E-01 8.361384E+00 
77 8.739653E-01 8.509464E+00 
78 3.004015E-01 8.555782E+00 
79 9.587941E-01 8.347109E+00 
80 6.505456E-01 8.451395E+00 
81 8.782199E-01 8.519261E+00 
82 8.714313E-01 8.584463E+00 
83 9.994502E-01 8.164021E+00 
84 9.998656E-01 8.427799E+00 
85 9.999923E-01 8.346688E+00 
86 9.986866E-01 8.335051E+00 
87 1.000000E+00 8.426505E+00 
88 9.903786E-01 8.638750E+00 
89 9.999987E-01 8.316755E+00 
90 6.360897E-01 8.516890E+00 
91 9.709164E-01 8.320756E+00 
92 9.855110E-01 8.645137E+00 
93 8.154317E-01 8.492471E+00 
94 9.999997E-01 8.272330E+00 
95 3.049617E-01 8.805862E+00 
96 6.320435E-01 8.532888E+00 
97 4.835565E-01 8.480356E+00 
98 8.830456E-01 8.311504E+00 
99 9.999647E-01 8.561459E+00 
100 6.920825E-01 8.636210E+00 
101 9.999821E-01 8.336694E+00 
102 9.999993E-01 8.452139E+00 
103 9.362458E-01 8.552522E+00 
104 9.998975E-01 8.387796E+00 
105 9.514172E-01 8.332740E+00 
106 9.745611E-01 8.186650E+00 
107 9.768534E-01 8.504611E+00 
108 9.500413E-01 8.531930E+00 
109 5.051610E-01 8.459098E+00 
110 8.732618E-01 8.554954E+00 
111 9.999421E-01 8.333526E+00 
112 9.995032E-01 8.425437E+00 
113 9.763379E-01 8.332048E+00 
114 9.190557E-01 8.381705E+00 
115 8.985592E-01 8.538487E+00 
116 8.798483E-01 8.530218E+00 
117 9.966696E-01 8.402830E+00 
118 9.986317E-01 8.272443E+00 
119 9.813521E-01 8.555307E+00 
120 9.698383E-01 8.681025E+00 
121 9.425179E-01 8.483105E+00 
122 8.820408E-01 8.517245E+00 
123 8.112351E-01 8.278514E+00 
124 9.403324E-01 8.342812E+00 
125 9.999970E-01 8.519308E+00 
126 1.000000E+00 8.391210E+00 
127 1.000000E+00 8.345781E+00 
128 9.831469E-01 8.586141E+00 
129 3.036109E-01 8.666813E+00 
130 9.996680E-01 8.584471E+00 
131 7.033057E-01 8.674849E+00 
132 9.985435E-01 8.345273E+00 
133 9.620937E-01 8.565711E+00 
134 6.552248E-01 8.177592E+00 
135 7.353441E-01 8.540845E+00 
136 9.998057E-01 8.552975E+00 
137 9.999935E-01 8.376525E+00 
138 9.361570E-01 8.583861E+00 
139 9.672095E-01 8.607112E+00 
140 9.944847E-01 8.301673E+00 
141 9.065857E-01 8.563693E+00 
142 9.955033E-01 8.394022E+00 
143 9.999095E-01 8.389466E+00 
144 8.360140E-01 8.474177E+00 
145 8.952320E-01 8.515518E+00 
146 9.999664E-01 8.338227E+00 
147 9.288998E-01 8.533314E+00 
148 7.477221E-01 8.546628E+00 
149 5.737951E-01 8.500002E+00 
150 9.918191E-01 8.357391E+00 
151 9.999993E-01 8.578185E+00 
152 9.648912E-01 8.723064E+00 
153 9.971677E-01 8.416326E+00 
154 9.948406E-01 8.584976E+00 
155 9.978049E-01 8.303736E+00 
156 6.387867E-01 8.727413E+00 
157 9.899112E-01 8.336893E+00 
158 9.652830E-01 8.538667E+00 
159 9.987430E-01 8.459799E+00 
160 9.855895E-01 8.665174E+00 
161 9.070652E-01 8.384150E+00 
162 9.500286E-01 8.469192E+00 
163 9.987900E-01 8.544051E+00 
164 9.988286E-01 8.485567E+00 
165 9.993541E-01 8.654389E+00 
166 9.654996E-01 8.402751E+00 
167 8.257264E-01 8.409555E+00 
168 9.113150E-01 8.399004E+00 
169 1.000000E+00 8.550780E+00 
170 8.817943E-01 8.576171E+00 
171 9.993912E-01 8.550795E+00 
172 9.999997E-01 8.347573E+00 
173 8.129067E-01 8.514974E+00 
174 9.800212E-01 8.591479E+00 
175 1.000000E+00 8.593352E+00 
176 9.938731E-01 8.276208E+00 
177 9.660839E-01 8.501355E+00 
178 9.748365E-01 8.497004E+00 
179 9.817143E-01 8.471653E+00 
180 9.998547E-01 8.362069E+00 
181 9.244222E-01 8.500754E+00 
182 9.996375E-01 8.403253E+00 
183 9.601751E-01 8.595967E+00 
184 9.670894E-01 8.403689E+00 
185 9.969136E-01 8.521169E+00 
186 9.958479E-01 8.523842E+00 
187 9.030351E-01 8.658172E+00 
188 8.739172E-01 8.479858E+00 
189 9.996912E-01 8.596608E+00 
190 9.860602E-01 8.301290E+00 
191 9.999433E-01 8.430106E+00 
192 9.867482E-01 8.449192E+00 
193 1.000000E+00 8.342998E+00 
194 9.072403E-01 8.502686E+00 
195 9.239226E-01 8.372450E+00 
196 9.991941E-01 8.300073E+00 
197 6.477412E-01 8.631649E+00 
198 9.921533E-01 8.464084E+00 
199 9.981232E-01 8.451236E+00 
END