5.345659000e-01 2.099920000e-02 3.171603000e-07 
6.122494000e-05 5.729224000e-01 2.313988000e-03 
6.598104000e-02 1.079879000e-01 3.271123000e-01 
5.099133000e-01 2.982021000e-04 8.403378000e-05 
5.535457000e-01 2.429945000e-04 9.176715000e-05 
4.623074000e-01 3.953939000e-02 1.111684000e-07 
3.906499000e-01 5.324345000e-02 5.894865000e-02 
1.704069000e-01 7.176495000e-02 2.592203000e-01 
5.449972000e-01 2.139436000e-02 2.162192000e-07 
9.178463000e-02 7.943965000e-02 3.323327000e-01 
2.106369000e-01 2.621544000e-01 2.724503000e-02 
5.298626000e-03 2.796696000e-01 2.167545000e-01 
1.190850000e-01 3.390399000e-01 4.476732000e-02 
6.979039000e-02 2.309947000e-01 2.000193000e-01 
5.496274000e-02 2.826144000e-01 1.625191000e-01 
4.425521000e-01 1.988576000e-02 4.088607000e-02 
5.493403000e-02 3.293763000e-02 4.122383000e-01 
2.814749000e-03 4.759637000e-01 2.232022000e-02 
1.094856000e-01 2.000939000e-01 1.904242000e-01 
2.554862000e-01 1.776989000e-01 6.730422000e-02 
1.120386000e-02 5.021389000e-01 2.683679000e-07 
2.026334000e-01 7.047166000e-03 2.912713000e-01 
1.766693000e-01 1.630847000e-01 1.603735000e-01 
8.587306000e-03 7.553697000e-02 4.162058000e-01 
3.859051000e-02 4.441691000e-01 1.916932000e-02 
1.793154000e-01 8.883371000e-02 2.325670000e-01 
8.314624000e-02 4.891124000e-02 3.681030000e-01 
3.854710000e-04 5.130408000e-01 1.229913000e-04 
1.429270000e-01 4.483156000e-02 3.145739000e-01 
3.242134000e-01 9.887039000e-02 7.921608000e-02 
1.543096000e-01 2.654544000e-01 8.483019000e-02 
4.395348000e-04 2.582566000e-01 3.108617000e-01 
7.110883000e-06 7.951754000e-07 5.004101000e-01 
2.892311000e-01 1.162615000e-01 9.678908000e-02 
3.412178000e-02 4.405851000e-01 2.532897000e-02 
4.095625000e-02 1.897439000e-01 2.694000000e-01 
9.727320000e-02 1.588766000e-01 2.483247000e-01 
4.574887000e-01 3.593705000e-02 8.414975000e-03 
1.052597000e-02 2.967679000e-01 2.061691000e-01 
2.484281000e-01 2.484628000e-01 3.127927000e-03 
2.419027000e-09 1.555324000e-04 5.070799000e-01 
2.671717000e-02 1.968019000e-01 2.765118000e-01 
3.547554000e-01 6.021519000e-03 1.484564000e-01 
1.820426000e-02 6.000107000e-02 4.225429000e-01 
4.170268000e-01 5.911352000e-02 2.385974000e-02 
3.277369000e-03 5.519868000e-01 1.135912000e-06 
1.001620000e-02 5.427221000e-01 3.363352000e-06 
6.157483000e-10 1.622825000e-05 9.997961000e-01 
8.773277000e-02 5.519961000e-02 3.577185000e-01 
5.870856000e-02 3.804637000e-01 6.328630000e-02 
1.617680000e-02 3.956069000e-01 8.842514000e-02 
2.932457000e-01 1.923864000e-01 1.527375000e-02 
5.375638000e-02 3.560151000e-01 9.215641000e-02 
9.096271000e-02 7.629240000e-02 3.361435000e-01 
2.214413000e-07 8.145123000e-05 9.134960000e-01 
4.138135000e-01 1.456573000e-02 7.387692000e-02 
5.321381000e-02 2.318833000e-01 2.183746000e-01 
4.132249000e-02 2.549907000e-02 4.378298000e-01 
3.735869000e-01 3.139009000e-02 9.634683000e-02 
1.461970000e-01 2.479149000e-01 1.065186000e-01 
1.084778000e-01 1.754624000e-01 2.208590000e-01 
2.287413000e-01 8.204274000e-03 2.639372000e-01 
7.144785000e-02 3.748143000e-01 5.398360000e-02 
1.421111000e-02 2.131498000e-01 2.733770000e-01 
2.865015000e-01 3.421118000e-02 1.848958000e-01 
2.714404000e-01 1.807901000e-01 4.831800000e-02 
1.644837000e-01 2.685317000e-01 6.990928000e-02 
2.661641000e-01 4.719677000e-02 1.866400000e-01 
4.634347000e-02 4.032397000e-01 5.618189000e-02 
3.124011000e-01 1.542452000e-01 3.335809000e-02 
7.902353000e-02 3.417437000e-01 8.146523000e-02 
1.760716000e-01 1.653917000e-01 1.586317000e-01 
1.390439000e-01 1.197563000e-01 2.456272000e-01 
7.356749000e-02 3.926271000e-01 4.339736000e-02 
2.056145000e-02 1.078790000e-01 3.762195000e-01 
3.778223000e-01 1.222369000e-01 3.500726000e-03 
8.450841000e-02 2.761659000e-02 3.880375000e-01 
1.228985000e-01 9.324920000e-03 3.702894000e-01 
1.348555000e-01 2.160512000e-01 1.552008000e-01 
2.510488000e-01 6.953128000e-02 1.797489000e-01 
9.552389000e-02 3.699906000e-01 3.701343000e-02 
4.437104000e-03 3.999461000e-01 1.030245000e-01 
5.479207000e-01 1.050669000e-03 7.274372000e-05 
1.863133000e-01 2.375086000e-01 7.620986000e-02 
1.503833000e-01 3.497576000e-01 7.960902000e-05 
1.467362000e-02 1.314325000e-01 3.601634000e-01 
3.702756000e-01 7.636934000e-02 5.557428000e-02 
4.150303000e-02 1.208936000e-02 4.471553000e-01 
4.115200000e-01 5.719524000e-02 3.207835000e-02 
2.108073000e-01 1.506920000e-01 1.398679000e-01 
1.203628000e-01 3.518225000e-01 3.069069000e-02 
1.329040000e-01 3.055745000e-01 6.166779000e-02 
4.752309000e-01 2.440544000e-02 4.014576000e-04 
4.316926000e-01 8.055880000e-03 6.317350000e-02 
2.854681000e-01 5.131003000e-02 1.635605000e-01 
2.400680000e-01 8.843872000e-03 2.510912000e-01 
5.718238000e-02 9.355678000e-02 3.554059000e-01 
3.857585000e-01 1.100854000e-01 6.311451000e-03 
7.920061000e-03 4.230684000e-01 7.678574000e-02 
2.187544000e-02 7.241135000e-02 4.059179000e-01 
3.507111000e-01 6.149261000e-03 1.436336000e-01 
1.476541000e-01 2.410497000e-01 1.120614000e-01 
6.917016000e-02 2.290076000e-01 2.026618000e-01 
7.466936000e-02 2.953591000e-02 3.959111000e-01 
1.983346000e-01 6.720108000e-02 2.386772000e-01 
2.798682000e-01 1.133695000e-02 2.119237000e-01 
5.423038000e-01 1.808013000e-04 6.622775000e-03 
1.285644000e-02 1.172357000e-01 3.707969000e-01 
1.420196000e-01 7.314628000e-02 2.848658000e-01 
5.607053000e-02 2.758377000e-01 1.681930000e-01 
2.243738000e-01 1.041385000e-01 1.741639000e-01 
3.893269000e-01 1.114810000e-01 1.382215000e-03 
5.006134000e-01 3.104108000e-04 9.118600000e-03 
1.624353000e-01 3.201802000e-01 1.788983000e-02 
2.436293000e-01 1.037053000e-01 1.527563000e-01 
3.586991000e-02 2.837195000e-01 1.809124000e-01 
3.405081000e-03 4.718605000e-01 2.475063000e-02 
1.138441000e-02 3.141228000e-01 1.745244000e-01 
4.538595000e-01 3.764345000e-02 8.499075000e-03 
3.456561000e-02 4.168992000e-01 4.858876000e-02 
5.442024000e-03 6.891602000e-03 4.880008000e-01 
3.352303000e-01 8.125251000e-02 8.361914000e-02 
1.812782000e-01 2.511868000e-01 6.756853000e-02 
5.217839000e-01 1.222756000e-04 8.543257000e-03 
2.353487000e-01 1.259977000e-01 1.434334000e-01 
1.334499000e-02 3.778897000e-01 1.096617000e-01 
4.365850000e-01 6.562530000e-03 6.105958000e-02 
1.568734000e-01 3.652672000e-03 3.514786000e-01 
4.868049000e-01 1.313823000e-02 1.105176000e-04 
2.982050000e-01 8.253149000e-02 1.193349000e-01 
1.605097000e-01 4.634496000e-02 2.952655000e-01 
4.292253000e-02 1.397505000e-01 3.183440000e-01 
1.846266000e-01 8.569884000e-02 2.297960000e-01 
7.274861000e-02 3.834777000e-01 4.378287000e-02 
3.096216000e-01 5.891608000e-02 1.341659000e-01 
7.866243000e-02 7.391152000e-02 3.506850000e-01 
3.290411000e-01 5.058420000e-02 1.204026000e-01 
8.351382000e-02 8.728562000e-02 3.292345000e-01 
4.486377000e-01 4.268859000e-02 1.031543000e-02 
2.308258000e-01 6.355574000e-02 2.060850000e-01 
2.927987000e-01 1.934491000e-01 1.449694000e-02 
5.256447000e-01 1.624459000e-04 7.334795000e-03 
2.331509000e-01 1.214759000e-01 1.466493000e-01 
1.026938000e-02 2.021559000e-01 2.877084000e-01 
4.656112000e-02 3.894513000e-01 6.970298000e-02 
1.690378000e-01 2.534318000e-01 7.758884000e-02 
1.018671000e-01 1.733340000e-02 3.888669000e-01 
6.452175000e-03 1.452751000e-01 3.483043000e-01 
2.904025000e-01 2.014555000e-01 1.223780000e-02 
1.583683000e-01 2.475602000e-01 1.018919000e-01 
4.886813000e-02 4.888022000e-03 4.505318000e-01 
3.741470000e-01 1.180128000e-02 1.149287000e-01 
9.009570000e-02 1.496385000e-01 2.610364000e-01 
3.109680000e-01 1.987328000e-03 1.965304000e-01 
4.660821000e-01 1.894399000e-02 1.793136000e-02 
1.735176000e-01 3.234047000e-01 5.848094000e-03 
2.576052000e-03 9.088350000e-02 4.076818000e-01 
1.483394000e-01 2.104657000e-01 1.416129000e-01 
1.001641000e-01 1.762544000e-01 2.240023000e-01 
4.318723000e-02 1.383786000e-01 3.228125000e-01 
4.608878000e-02 2.850928000e-02 4.300517000e-01 
4.237310000e-01 5.978510000e-02 1.648389000e-02 
2.776906000e-01 1.833372000e-01 3.962869000e-02 
3.659856000e-01 1.312693000e-01 4.616981000e-03 
1.543987000e-03 3.672707000e-02 4.620058000e-01 
2.426721000e-02 4.199213000e-01 6.083955000e-02 
3.297717000e-01 8.438362000e-02 8.587553000e-02 
1.351186000e-01 2.811405000e-02 3.405852000e-01 
4.450594000e-02 3.289589000e-01 1.310955000e-01 
2.695095000e-01 2.259321000e-01 5.192241000e-03 
5.076738000e-01 3.709381000e-04 2.185804000e-03 
4.825024000e-01 5.208937000e-03 1.377290000e-02 
4.085294000e-01 7.493607000e-02 1.703382000e-02 
2.644109000e-01 9.820163000e-03 2.258152000e-01 
6.270758000e-02 2.890709000e-01 1.506882000e-01 
1.767937000e-02 1.658112000e-01 3.169030000e-01 
4.494380000e-03 4.055209000e-02 4.553725000e-01 
5.175688000e-02 7.073258000e-02 3.797430000e-01 
1.295265000e-01 3.737435000e-01 7.609601000e-04 
3.747314000e-01 8.808736000e-02 3.724021000e-02 
1.375978000e-01 3.126115000e-01 5.151202000e-02 
3.897045000e-02 4.340836000e-01 2.699006000e-02 
8.121310000e-02 3.859307000e-01 4.265317000e-02 
2.616508000e-01 3.522752000e-04 2.405373000e-01 
1.024771000e-01 7.752156000e-02 3.200734000e-01 
2.202777000e-01 2.502974000e-01 2.961285000e-02 
6.101498000e-02 4.121925000e-01 2.813423000e-02 
8.665985000e-02 5.257596000e-03 4.084264000e-01 
3.083762000e-02 2.934701000e-01 1.762363000e-01 
1.032469000e-01 1.724347000e-01 2.250200000e-01 
1.601462000e-01 2.635418000e-01 7.867621000e-02 
5.251624000e-02 3.882282000e-01 6.533713000e-02 
3.160395000e-01 1.866664000e-01 1.901745000e-03 
4.490210000e-01 2.423417000e-02 3.102934000e-02 
3.987228000e-01 1.020055000e-01 1.548671000e-03 
1.262911000e-01 3.327106000e-01 4.392355000e-02 
2.285511000e-01 1.451081000e-02 2.574635000e-01 
1.249684000e-01 3.727574000e-02 3.448982000e-01 
4.948303000e-01 5.998225000e-03 5.008700000e-03 
4.728127000e-02 2.281176000e-02 4.316954000e-01 
1.506093000e-03 4.968470000e-01 5.718206000e-03 
7.029750000e-03 4.919259000e-01 1.688534000e-03 
3.251493000e-01 1.788087000e-02 1.570610000e-01 
4.360918000e-02 2.688636000e-02 4.340232000e-01 
6.405364000e-02 4.125425000e-01 2.416405000e-02 
4.911891000e-01 9.646476000e-03 4.663204000e-04 
1.373439000e-02 4.294618000e-01 6.219542000e-02 
4.282206000e-02 1.575675000e-01 2.999468000e-01 
9.813434000e-03 7.423026000e-02 4.173739000e-01 
1.135063000e-01 2.567299000e-01 1.298782000e-01 
3.967398000e-02 1.689516000e-01 2.925850000e-01 
4.469051000e-02 3.279055000e-01 1.310323000e-01 
8.764712000e-02 1.412373000e-01 2.712096000e-01 
2.763774000e-02 2.286439000e-01 2.477092000e-01 
1.807486000e-01 2.113834000e-01 1.080419000e-01 
9.650728000e-04 2.855910000e-02 4.844043000e-01 
4.346126000e-04 2.743335000e-01 2.328097000e-01 
1.417329000e-02 2.450187000e-01 2.433916000e-01 
1.689299000e-02 7.965691000e-03 4.762419000e-01 
2.184721000e-01 2.131435000e-01 7.066106000e-02 
3.934364000e-01 1.045355000e-01 2.108927000e-03 
4.263277000e-02 1.557384000e-01 3.017265000e-01 
1.899422000e-01 8.278850000e-02 2.287608000e-01 
1.211443000e-01 2.237050000e-01 1.612564000e-01 
3.542349000e-02 4.186890000e-01 4.590718000e-02 
3.011645000e-01 2.765759000e-02 1.716676000e-01 
1.184832000e-01 1.486354000e-01 2.373528000e-01 
3.379398000e-01 7.980459000e-02 8.405924000e-02 
3.333922000e-01 1.608155000e-01 6.065374000e-03 
2.772059000e-01 1.815808000e-01 4.180991000e-02 
2.152126000e-01 2.256418000e-01 5.915514000e-02 
4.694917000e-01 4.799929000e-04 3.027295000e-02 
8.243035000e-02 3.442319000e-01 7.813234000e-02 
2.911559000e-02 4.092915000e-01 6.173167000e-02 
4.427963000e-01 2.869680000e-02 3.852124000e-02 
2.003730000e-01 1.699199000e-02 2.835556000e-01 
1.423272000e-02 4.848395000e-01 9.456448000e-04 
6.887116000e-03 4.934634000e-01 3.127623000e-04 
3.393942000e-03 5.485165000e-01 2.604525000e-05 
1.913335000e-01 3.948678000e-03 3.058087000e-01 
1.522732000e-01 4.346158000e-02 3.053803000e-01 
1.956652000e-01 2.982457000e-01 6.323850000e-03 
3.616831000e-01 1.351854000e-01 3.878694000e-03 
9.243515000e-02 1.257141000e-01 2.818576000e-01 
2.547353000e-01 2.053304000e-01 4.067006000e-02 
2.062195000e-02 2.716718000e-02 4.526203000e-01 
4.267484000e-01 1.557429000e-02 5.827965000e-02 
7.683734000e-03 4.248538000e-01 7.572894000e-02 
1.232017000e-01 3.619169000e-01 2.102812000e-02 
1.521717000e-02 2.159807000e-02 4.704456000e-01 
3.429923000e-01 1.364621000e-01 2.424101000e-02 
7.905443000e-02 4.299973000e-01 5.666082000e-04 
2.578408000e-01 5.370254000e-02 1.884567000e-01 
1.402542000e-01 2.484238000e-02 3.388220000e-01 
1.038769000e-01 3.289427000e-02 3.634849000e-01 
9.144045000e-04 1.529243000e-01 3.529753000e-01 
1.154032000e-01 1.654410000e-01 2.209926000e-01 
9.369403000e-02 1.229145000e-01 2.842771000e-01 
6.592782000e-02 3.029319000e-01 1.312604000e-01 
1.368798000e-01 2.354667000e-01 1.276654000e-01 
2.827330000e-01 6.290884000e-02 1.563552000e-01 
4.490461000e-02 6.235079000e-02 3.927447000e-01 
3.081486000e-02 2.852625000e-02 4.407573000e-01 
1.173754000e-01 2.523747000e-01 1.303138000e-01 
9.637898000e-02 1.644824000e-01 2.398126000e-01 
4.582995000e-01 8.712604000e-03 3.592166000e-02 
2.746821000e-01 6.096273000e-02 1.651310000e-01 
2.063129000e-01 4.268900000e-03 2.904838000e-01 
4.248663000e-05 1.022229000e-02 4.967924000e-01 
2.500614000e-01 4.595446000e-02 2.039841000e-01 
1.202312000e-01 1.733876000e-01 2.107290000e-01 
1.722640000e-02 1.011709000e-01 3.858180000e-01 
1.445548000e-01 1.743966000e-01 1.815533000e-01 
1.832666000e-01 6.567663000e-02 2.510607000e-01 
4.230200000e-02 1.201748000e-02 4.468198000e-01 
1.342790000e-01 1.249157000e-01 2.409267000e-01 
3.404636000e-01 6.270544000e-03 1.534077000e-01 
2.523074000e-01 2.406760000e-01 7.079810000e-03 
5.383878000e-02 3.977021000e-01 5.300653000e-02 
8.236410000e-02 3.831489000e-01 3.458906000e-02 
3.820759000e-01 1.090189000e-01 1.084907000e-02 
2.215881000e-01 1.255923000e-01 1.539896000e-01 
3.563949000e-01 9.355442000e-02 5.174777000e-02 
4.671137000e-02 3.540337000e-01 9.927569000e-02 
2.378993000e-01 6.838402000e-02 1.943667000e-01 
2.579253000e-03 3.880571000e-02 4.590783000e-01 
3.471773000e-01 3.032231000e-02 1.226993000e-01 
2.620964000e-02 7.132013000e-02 4.025816000e-01 
7.625907000e-02 3.144751000e-02 3.923995000e-01 
1.108586000e-01 1.952172000e-01 1.939263000e-01 
3.556770000e-02 2.707246000e-01 1.937425000e-01 
1.939762000e-01 4.371972000e-02 2.631952000e-01 
4.522026000e-01 3.024471000e-02 1.808741000e-02 
2.956275000e-01 1.141572000e-01 9.272908000e-02 
2.302560000e-01 1.283256000e-01 1.465868000e-01 
2.165022000e-02 8.000617000e-02 3.986342000e-01 
1.743038000e-01 2.331496000e-01 9.477761000e-02 
4.924444000e-02 3.672155000e-01 8.553115000e-02 
4.316124000e-02 2.419188000e-01 2.166642000e-01 
1.281594000e-03 7.330702000e-02 4.792749000e-01 

