7.428583000e-06 5.825372000e-09 5.014815000e-01 
1.470081000e-04 5.014986000e-01 1.552445000e-05 
1.024556000e-08 7.484394000e-06 5.014787000e-01 
5.015605000e-01 8.716074000e-05 1.540340000e-05 
4.684615000e-01 3.320369000e-02 4.916286000e-07 
2.985930000e-02 4.490457000e-01 2.139042000e-02 
1.967342000e-01 2.895255000e-01 1.481704000e-02 
2.810429000e-01 2.694224000e-02 1.936423000e-01 
2.428391000e-01 1.019478000e-01 1.566258000e-01 
4.418452000e-01 4.440678000e-02 1.524870000e-02 
3.975750000e-01 6.039192000e-03 9.744286000e-02 
1.477228000e-01 1.708765000e-02 3.366793000e-01 
1.222053000e-01 3.708947000e-01 8.546551000e-03 
1.167558000e-01 1.570387000e-01 2.278641000e-01 
5.437445000e-02 2.303988000e-02 4.239089000e-01 
1.284005000e-01 1.895273000e-01 1.847583000e-01 
6.304038000e-02 3.240411000e-01 1.146242000e-01 
4.763080000e-01 1.409997000e-02 1.091891000e-02 
2.375663000e-01 1.964246000e-01 6.667786000e-02 
7.693954000e-04 4.876201000e-01 1.364701000e-02 
2.854560000e-01 2.134638000e-01 2.547590000e-03 
1.904568000e-01 1.752495000e-01 1.354917000e-01 
7.728398000e-02 1.131680000e-01 3.108083000e-01 
1.945171000e-01 2.958714000e-01 9.867321000e-03 
5.383392000e-02 1.916676000e-01 2.552902000e-01 
1.081658000e-01 1.631092000e-01 2.303853000e-01 
2.276860000e-02 3.591767000e-01 1.189743000e-01 
4.250271000e-01 1.535055000e-02 6.101772000e-02 
5.736284000e-02 3.349249000e-01 1.091803000e-01 
2.527311000e-02 7.096042000e-03 4.686826000e-01 
1.799037000e-01 2.325990000e-01 8.921571000e-02 
3.179940000e-01 7.350165000e-02 1.124213000e-01 
3.567730000e-02 4.437167000e-01 2.216263000e-02 
1.479751000e-02 1.874634000e-01 3.015348000e-01 
5.824633000e-03 4.541179000e-01 4.082177000e-02 
1.503225000e-01 8.128767000e-03 3.423862000e-01 
1.371304000e-02 3.275520000e-01 1.617114000e-01 
3.236263000e-02 2.632494000e-02 4.423119000e-01 
1.407236000e-01 3.509226000e-01 8.616097000e-03 
1.868059000e-01 2.778513000e-01 3.679683000e-02 
9.246289000e-02 3.059075000e-01 1.031666000e-01 
3.024422000e-02 1.542691000e-01 3.171543000e-01 
4.022866000e-01 7.924905000e-02 2.046856000e-02 
5.444561000e-02 4.136063000e-01 3.395451000e-02 
8.916880000e-02 4.087341000e-01 3.796716000e-03 
3.719043000e-01 6.357641000e-02 6.603675000e-02 
8.053157000e-03 4.326359000e-01 6.063849000e-02 
1.391695000e-01 1.992102000e-01 1.630224000e-01 
1.709628000e-01 2.351969000e-01 9.466723000e-02 
3.255254000e-01 3.736362000e-03 1.708640000e-01 
3.780354000e-01 9.087618000e-02 3.257379000e-02 
3.818194000e-01 9.328821000e-02 2.716513000e-02 
6.391033000e-03 3.541593000e-01 1.416054000e-01 
6.109607000e-02 3.119465000e-01 1.284705000e-01 
1.704223000e-02 4.712198000e-01 1.348564000e-02 
7.603357000e-02 3.932343000e-01 3.249349000e-02 
4.285973000e-02 2.597283000e-01 1.976400000e-01 
8.866597000e-02 3.994058000e-01 1.371173000e-02 
7.446443000e-02 9.978026000e-03 4.178624000e-01 
4.174450000e-02 2.486162000e-01 2.119586000e-01 
4.324413000e-01 1.721481000e-02 5.243838000e-02 
2.775454000e-01 3.244989000e-02 1.906376000e-01 
1.041968000e-01 1.849708000e-02 3.792821000e-01 
1.273256000e-01 2.069484000e-01 1.661697000e-01 
1.768437000e-01 1.429078000e-01 1.823079000e-01 
3.067237000e-01 6.220885000e-02 1.313166000e-01 
2.226119000e-01 1.957955000e-01 8.258504000e-02 
2.130350000e-01 2.433082000e-02 2.639667000e-01 
3.421086000e-01 8.740834000e-03 1.509109000e-01 
3.615041000e-01 7.633111000e-02 6.353421000e-02 
1.931815000e-01 3.000273000e-01 7.056972000e-03 
2.662822000e-01 1.604426000e-01 7.652348000e-02 
2.931708000e-01 7.094996000e-02 1.374039000e-01 
5.868352000e-02 4.385445000e-01 2.991498000e-03 
2.195980000e-02 1.160489000e-01 3.627246000e-01 
1.317075000e-01 1.738934000e-01 1.953718000e-01 
7.736518000e-02 1.579105000e-02 4.081144000e-01 
2.105232000e-01 2.739253000e-01 1.762883000e-02 
3.648170000e-01 8.154771000e-02 5.502362000e-02 
5.667154000e-02 4.759908000e-02 3.974583000e-01 
1.652238000e-03 4.989153000e-01 1.476187000e-03 
6.665064000e-02 3.171518000e-01 1.180673000e-01 
4.373856000e-03 3.079523000e-04 4.961329000e-01 
1.529540000e-01 3.572477000e-02 3.125996000e-01 
2.647202000e-02 4.276373000e-01 4.684408000e-02 
8.444874000e-02 1.250724000e-01 2.915374000e-01 
1.115574000e-01 3.316984000e-01 5.865953000e-02 
1.561632000e-02 4.819394000e-01 5.715768000e-03 
2.140243000e-02 4.614203000e-01 1.809508000e-02 
3.048150000e-05 2.933285000e-01 2.083069000e-01 
1.088718000e-02 4.512968000e-01 3.906821000e-02 
3.942590000e-01 7.819514000e-03 9.901321000e-02 
4.840530000e-01 3.120931000e-03 1.454991000e-02 
3.391971000e-01 5.312016000e-02 1.117001000e-01 
2.652515000e-01 2.301891000e-01 5.186993000e-03 
1.993127000e-01 6.569541000e-03 2.956174000e-01 
3.580791000e-01 9.343503000e-02 5.016001000e-02 
3.335429000e-01 1.264604000e-01 4.265749000e-02 
2.305591000e-01 4.915265000e-02 2.211200000e-01 
1.535369000e-01 8.076002000e-03 3.398191000e-01 
1.012711000e-02 1.640230000e-01 3.281012000e-01 
3.342800000e-02 3.024347000e-02 4.373460000e-01 
4.400094000e-02 3.430792000e-01 1.146242000e-01 
1.787514000e-02 5.196742000e-03 4.783168000e-01 
5.979788000e-02 2.276062000e-01 2.138722000e-01 
2.728722000e-01 1.488797000e-01 8.036053000e-02 
2.542323000e-01 5.429074000e-02 1.925067000e-01 
2.335885000e-01 1.409930000e-01 1.267943000e-01 
1.501161000e-03 1.261498000e-02 4.873016000e-01 
2.294093000e-01 1.191005000e-01 1.528219000e-01 
3.914874000e-02 4.114116000e-01 5.086471000e-02 
2.483823000e-02 3.852629000e-01 9.184557000e-02 
5.144441000e-02 3.205437000e-01 1.289518000e-01 
4.464321000e-01 2.775360000e-02 2.738300000e-02 
1.860964000e-01 3.021872000e-01 1.447782000e-02 
1.033405000e-01 9.505585000e-02 3.023789000e-01 
8.336387000e-03 1.414773000e-01 3.519830000e-01 
1.094787000e-01 2.528444000e-02 3.667703000e-01 
4.802840000e-02 1.705609000e-03 4.523647000e-01 
3.227585000e-01 1.343041000e-01 4.580743000e-02 
7.330137000e-02 6.809862000e-02 3.603180000e-01 
3.600044000e-01 8.629567000e-02 5.781058000e-02 
2.958567000e-01 6.044993000e-02 1.463388000e-01 
1.358966000e-03 9.068945000e-03 4.910903000e-01 
3.064915000e-01 3.812945000e-02 1.579530000e-01 
3.124904000e-01 1.333956000e-02 1.744947000e-01 
7.120936000e-03 4.915091000e-02 4.452434000e-01 
2.206636000e-01 1.839359000e-01 9.626646000e-02 
8.162860000e-02 1.216571000e-01 2.988049000e-01 
4.054383000e-01 1.827096000e-02 7.778474000e-02 
1.070414000e-01 3.871199000e-01 7.276426000e-03 
1.905855000e-01 5.440018000e-02 2.555781000e-01 
2.757606000e-01 6.548782000e-02 1.588346000e-01 
8.507974000e-02 3.462953000e-01 7.086804000e-02 
3.769760000e-01 4.663001000e-03 1.205920000e-01 
2.415234000e-01 2.017537000e-02 2.398007000e-01 
4.209768000e-01 7.660953000e-02 3.854244000e-03 
4.454343000e-01 2.752002000e-02 2.862435000e-02 
8.558873000e-02 1.353214000e-02 4.021055000e-01 
1.480827000e-01 1.086990000e-01 2.447248000e-01 
2.613197000e-01 4.102336000e-02 1.996325000e-01 
5.253328000e-02 7.377730000e-02 3.746623000e-01 
3.032931000e-01 1.844308000e-02 1.786469000e-01 
1.588703000e-01 2.366956000e-01 1.059569000e-01 
6.861441000e-02 1.727087000e-02 4.164062000e-01 
4.633038000e-01 3.338119000e-02 4.622327000e-03 
7.323480000e-03 1.402834000e-01 3.539241000e-01 
2.142606000e-01 2.720401000e-01 1.549012000e-02 
1.616898000e-01 2.566564000e-01 8.373749000e-02 
8.977793000e-02 1.242992000e-01 2.875917000e-01 
9.213484000e-02 4.018061000e-01 7.716730000e-03 
7.792993000e-02 1.080612000e-01 3.157094000e-01 
6.309762000e-03 3.737627000e-01 1.205803000e-01 
1.651262000e-01 2.422999000e-01 9.449887000e-02 
3.476259000e-02 2.617741000e-01 2.045065000e-01 
2.075798000e-01 2.839793000e-01 9.454350000e-03 
3.438240000e-01 3.887492000e-03 1.535255000e-01 
2.239375000e-01 4.512344000e-02 2.325097000e-01 
2.936174000e-01 1.702372000e-01 3.628150000e-02 
4.720610000e-01 2.174441000e-03 2.732571000e-02 
2.696661000e-01 1.495522000e-01 8.286307000e-02 
1.821399000e-01 2.633446000e-01 5.586200000e-02 
1.453517000e-01 7.825758000e-02 2.773490000e-01 
2.736265000e-01 4.202293000e-02 1.861722000e-01 
1.563357000e-01 2.768251000e-01 6.993001000e-02 
2.793887000e-01 4.821632000e-02 1.745259000e-01 
1.015605000e-01 1.731471000e-01 2.268189000e-01 
2.456385000e-01 2.166862000e-01 3.790960000e-02 
2.286167000e-01 5.041300000e-02 2.218187000e-01 
4.565354000e-02 1.822934000e-01 2.735588000e-01 
9.765829000e-02 1.524271000e-01 2.515572000e-01 
3.028890000e-01 9.870116000e-02 9.997665000e-02 
7.121833000e-02 4.291303000e-01 2.491230000e-03 
3.318511000e-04 4.630287000e-01 3.850065000e-02 
2.999953000e-01 5.723154000e-02 1.445597000e-01 
5.506373000e-02 3.701033000e-01 7.679716000e-02 
2.880629000e-01 1.145451000e-01 9.785953000e-02 
5.067041000e-02 7.879772000e-02 3.724107000e-01 
6.661325000e-02 4.181711000e-01 1.664418000e-02 
5.454103000e-02 1.792336000e-01 2.677593000e-01 
1.632538000e-02 2.643440000e-01 2.215846000e-01 
6.110928000e-05 1.681474000e-01 3.337551000e-01 
3.663121000e-01 8.092374000e-02 5.416333000e-02 
2.534039000e-01 2.232412000e-01 2.432236000e-02 
4.046892000e-03 4.913014000e-01 6.439092000e-03 
1.341510000e-01 3.395278000e-01 2.851553000e-02 
1.639825000e-01 2.262550000e-01 1.101768000e-01 
6.470682000e-03 4.772631000e-01 1.681053000e-02 
4.372391000e-01 5.389618000e-02 1.055207000e-02 
8.162709000e-03 1.333563000e-01 3.602367000e-01 
1.730951000e-01 1.501060000e-01 1.797502000e-01 
3.411692000e-02 3.623497000e-01 1.048744000e-01 
1.539677000e-02 2.683633000e-02 4.598453000e-01 
3.275306000e-02 2.103078000e-01 2.578790000e-01 
8.342351000e-02 2.909671000e-01 1.264011000e-01 
1.154624000e-02 3.902588000e-02 4.515345000e-01 
6.035905000e-02 5.110347000e-02 3.899103000e-01 
2.238940000e-01 1.369321000e-01 1.421875000e-01 
3.212525000e-01 1.780337000e-01 1.690923000e-03 
2.599499000e-01 4.902586000e-03 2.366055000e-01 

