2.540125000e-02 4.738106000e-01 2.621050000e-03 
2.540125000e-02 4.738106000e-01 2.621050000e-03 
3.133445000e-12 3.231062000e-08 5.018329000e-01 
3.133445000e-12 3.231062000e-08 5.018329000e-01 
1.587318000e-06 7.131394000e-04 5.011182000e-01 
2.430613000e-02 4.741910000e-01 3.335745000e-03 
3.066481000e-06 8.284129000e-03 4.935457000e-01 
2.484553000e-02 4.660792000e-01 1.090821000e-02 
8.294600000e-06 2.430497000e-02 4.775196000e-01 
2.463432000e-02 4.618397000e-01 1.535890000e-02 
4.384274000e-02 5.622522000e-04 4.574279000e-01 
2.885956000e-02 4.259473000e-01 4.702601000e-02 
3.963371000e-12 3.229746000e-08 5.018329000e-01 
2.540125000e-02 4.738106000e-01 2.621050000e-03 
3.096574000e-08 2.789964000e-12 5.018329000e-01 
3.096574000e-08 2.789964000e-12 5.018329000e-01 
2.382564000e-02 4.454312000e-01 3.257610000e-02 
6.186720000e-06 2.994890000e-02 4.718778000e-01 
3.133445000e-12 3.231062000e-08 5.018329000e-01 
3.133445000e-12 3.231062000e-08 5.018329000e-01 
9.896323000e-04 4.812835000e-01 1.955978000e-02 
8.287739000e-04 1.610999000e-02 4.848941000e-01 
3.133445000e-12 3.231062000e-08 5.018329000e-01 
3.133445000e-12 3.231062000e-08 5.018329000e-01 
9.100040000e-03 4.621167000e-05 4.926866000e-01 
2.736779000e-02 4.626978000e-01 1.176727000e-02 
6.084255000e-04 4.283857000e-01 7.283881000e-02 
3.480093000e-03 6.673770000e-02 4.316151000e-01 
7.064376000e-10 3.026342000e-08 5.018329000e-01 
2.477024000e-02 4.652325000e-01 1.183013000e-02 
3.945598000e-06 9.205162000e-03 4.926238000e-01 
3.133445000e-12 3.231062000e-08 5.018329000e-01 
3.133445000e-12 3.231062000e-08 5.018329000e-01 
2.007130000e-02 8.816714000e-05 4.816734000e-01 
2.642745000e-02 4.526250000e-01 2.278049000e-02 
8.647683000e-02 4.031626000e-01 1.219343000e-02 
8.368007000e-03 1.204407000e-03 4.922605000e-01 
4.841122000e-01 1.459176000e-02 3.128940000e-03 
4.066008000e-05 4.672609000e-04 5.013250000e-01 
3.744160000e-11 3.220518000e-08 5.018329000e-01 
3.096574000e-08 2.789964000e-12 5.018329000e-01 
3.096574000e-08 2.789964000e-12 5.018329000e-01 
1.676079000e-05 1.178296000e-02 4.900332000e-01 
2.415578000e-02 4.632564000e-01 1.442073000e-02 
4.024185000e-10 3.054568000e-08 5.018329000e-01 
3.296953000e-05 1.365628000e-02 4.881436000e-01 
2.358244000e-02 4.619402000e-01 1.631027000e-02 
2.353163000e-03 4.637028000e-01 3.577699000e-02 
1.522873000e-03 3.163310000e-02 4.686769000e-01 
4.177044000e-04 3.833312000e-03 4.975819000e-01 
4.714664000e-01 2.349445000e-02 6.872035000e-03 
1.048201000e-10 3.085117000e-08 5.018329000e-01 
4.530537000e-03 4.336140000e-02 4.539410000e-01 
4.315492000e-01 1.977076000e-02 5.051296000e-02 
3.096574000e-08 2.789964000e-12 5.018329000e-01 
3.096574000e-08 2.789964000e-12 5.018329000e-01 
6.439495000e-04 9.048239000e-03 4.921407000e-01 
4.818600000e-01 7.659725000e-03 1.231321000e-02 
3.096574000e-08 2.789964000e-12 5.018329000e-01 
3.096574000e-08 2.789964000e-12 5.018329000e-01 
1.372677000e-04 4.958579000e-01 5.837746000e-03 
1.630975000e-04 3.053631000e-03 4.986162000e-01 
3.133445000e-12 3.231062000e-08 5.018329000e-01 
3.133445000e-12 3.231062000e-08 5.018329000e-01 
3.096574000e-08 2.789964000e-12 5.018329000e-01 
3.096574000e-08 2.789964000e-12 5.018329000e-01 
3.096574000e-08 2.789964000e-12 5.018329000e-01 
3.096574000e-08 2.789964000e-12 5.018329000e-01 
3.096574000e-08 2.789964000e-12 5.018329000e-01 
3.096574000e-08 2.789964000e-12 5.018329000e-01 
3.133445000e-12 3.231062000e-08 5.018329000e-01 
3.133445000e-12 3.231062000e-08 5.018329000e-01 
2.849118000e-08 2.486552000e-09 5.018329000e-01 
1.562933000e-03 4.694667000e-01 3.080322000e-02 
1.343208000e-03 2.683899000e-02 4.736507000e-01 
3.096574000e-08 2.789964000e-12 5.018329000e-01 
3.096574000e-08 2.789964000e-12 5.018329000e-01 
1.584698000e-04 1.277209000e-03 5.003972000e-01 
4.681152000e-01 2.966104000e-02 4.056698000e-03 
2.464514000e-02 4.688934000e-01 8.294313000e-03 
8.488852000e-06 5.664806000e-03 4.961596000e-01 
3.133445000e-12 3.231062000e-08 5.018329000e-01 
3.133445000e-12 3.231062000e-08 5.018329000e-01 
9.146215000e-10 3.002230000e-08 5.018329000e-01 
3.133445000e-12 3.231062000e-08 5.018329000e-01 
3.133445000e-12 3.231062000e-08 5.018329000e-01 
1.371163000e-09 2.951406000e-08 5.018329000e-01 
3.062407000e-08 3.393938000e-10 5.018329000e-01 
3.133445000e-12 3.231062000e-08 5.018329000e-01 
3.133445000e-12 3.231062000e-08 5.018329000e-01 
3.133445000e-12 3.231062000e-08 5.018329000e-01 
3.133445000e-12 3.231062000e-08 5.018329000e-01 
2.222010000e-02 4.184446000e-01 6.116825000e-02 
3.253036000e-05 5.851470000e-02 4.432857000e-01 
3.133445000e-12 3.231062000e-08 5.018329000e-01 
3.133445000e-12 3.231062000e-08 5.018329000e-01 
8.270459000e-05 3.507072000e-02 4.666795000e-01 
2.256577000e-02 4.414927000e-01 3.777445000e-02 
4.677447000e-04 8.069487000e-03 4.932957000e-01 
4.887138000e-01 1.960825000e-03 1.115825000e-02 
2.936108000e-08 1.647218000e-09 5.018329000e-01 
1.560176000e-06 2.462721000e-03 4.993686000e-01 
2.500953000e-02 4.717381000e-01 5.085300000e-03 
1.098932000e-03 1.209489000e-02 4.886391000e-01 
4.702231000e-01 1.579499000e-02 1.581484000e-02 
1.147581000e-03 4.947778000e-01 5.907560000e-03 
1.599418000e-04 3.126601000e-03 4.985464000e-01 
2.593912000e-02 4.719915000e-01 3.902287000e-03 
1.279600000e-03 1.667230000e-06 5.005516000e-01 
3.480719000e-02 4.518393000e-01 1.518639000e-02 
1.230487000e-02 2.605050000e-04 4.892675000e-01 
3.096574000e-08 2.789964000e-12 5.018329000e-01 
3.096574000e-08 2.789964000e-12 5.018329000e-01 
3.096574000e-08 2.789964000e-12 5.018329000e-01 
3.096574000e-08 2.789964000e-12 5.018329000e-01 
1.092940000e-04 2.109172000e-03 4.996144000e-01 
8.518949000e-04 4.961415000e-01 4.839484000e-03 
4.856371000e-01 1.136453000e-02 4.831251000e-03 
1.628030000e-04 2.047428000e-03 4.996227000e-01 
6.249714000e-03 2.180923000e-05 4.955614000e-01 
2.675193000e-02 4.661884000e-01 8.892543000e-03 
2.375735000e-02 4.354557000e-01 4.261989000e-02 
3.996118000e-02 3.769083000e-05 4.618340000e-01 
2.540125000e-02 4.738106000e-01 2.621050000e-03 
2.540125000e-02 4.738106000e-01 2.621050000e-03 
2.558277000e-02 4.529108000e-01 2.333931000e-02 
2.066291000e-02 5.537199000e-05 4.811146000e-01 
1.417110000e-05 1.559949000e-02 4.862192000e-01 
2.421476000e-02 4.593835000e-01 1.823467000e-02 
3.096574000e-08 2.789964000e-12 5.018329000e-01 
3.096574000e-08 2.789964000e-12 5.018329000e-01 
3.038147000e-08 4.795606000e-10 5.018329000e-01 
3.096574000e-08 2.789964000e-12 5.018329000e-01 
3.096574000e-08 2.789964000e-12 5.018329000e-01 
3.096574000e-08 2.789964000e-12 5.018329000e-01 
3.096574000e-08 2.789964000e-12 5.018329000e-01 
2.671612000e-04 5.097888000e-03 4.964679000e-01 
5.842651000e-04 4.932626000e-01 7.986067000e-03 
3.065028000e-04 9.462283000e-03 4.920641000e-01 
1.687868000e-03 4.877552000e-01 1.238980000e-02 
4.871372000e-01 3.150880000e-03 1.154479000e-02 
5.106110000e-04 8.413158000e-03 4.929091000e-01 
3.860540000e-04 7.742953000e-03 4.937039000e-01 
1.713271000e-03 4.893696000e-01 1.075002000e-02 
2.540125000e-02 4.738106000e-01 2.621050000e-03 
2.540125000e-02 4.738106000e-01 2.621050000e-03 
4.952343000e-10 3.048944000e-08 5.018329000e-01 
2.535510000e-03 4.799559000e-02 4.513018000e-01 
3.600507000e-04 4.483207000e-01 5.315212000e-02 
1.117145000e-03 2.095964000e-02 4.797561000e-01 
1.798592000e-04 4.769552000e-01 2.469780000e-02 
3.096574000e-08 2.789964000e-12 5.018329000e-01 
3.096574000e-08 2.789964000e-12 5.018329000e-01 
1.637548000e-03 4.474523000e-01 5.274303000e-02 
2.372441000e-03 4.774958000e-02 4.517109000e-01 
3.069944000e-08 2.560295000e-10 5.018329000e-01 
3.133445000e-12 3.231062000e-08 5.018329000e-01 
3.133445000e-12 3.231062000e-08 5.018329000e-01 
3.096574000e-08 2.789964000e-12 5.018329000e-01 
3.096574000e-08 2.789964000e-12 5.018329000e-01 
9.214174000e-04 1.165103000e-02 4.892605000e-01 
4.756920000e-01 1.094745000e-02 1.519346000e-02 
4.829629000e-01 7.431881000e-04 1.812682000e-02 
8.114042000e-04 1.469440000e-02 4.863271000e-01 
3.044062000e-08 4.327357000e-10 5.018329000e-01 
5.814119000e-10 3.041434000e-08 5.018329000e-01 
3.096574000e-08 2.789964000e-12 5.018329000e-01 
3.096421000e-08 4.318033000e-12 5.018329000e-01 
2.621790000e-02 4.709923000e-01 4.622660000e-03 
1.997763000e-03 3.877978000e-06 4.998313000e-01 
3.096574000e-08 2.789964000e-12 5.018329000e-01 
3.096574000e-08 2.789964000e-12 5.018329000e-01 
8.788390000e-04 4.927959000e-01 8.158209000e-03 
2.724269000e-04 5.264764000e-03 4.962957000e-01 
3.133445000e-12 3.231062000e-08 5.018329000e-01 
3.133445000e-12 3.231062000e-08 5.018329000e-01 
2.096438000e-09 2.885905000e-08 5.018329000e-01 
3.304117000e-04 9.876110000e-07 5.015015000e-01 
2.682617000e-02 4.720543000e-01 2.952419000e-03 
3.031292000e-08 5.256403000e-10 5.018329000e-01 
2.982776000e-08 1.220826000e-09 5.018329000e-01 
3.096574000e-08 2.789964000e-12 5.018329000e-01 
3.096574000e-08 2.789964000e-12 5.018329000e-01 
3.082951000e-08 5.299779000e-11 5.018329000e-01 
3.133445000e-12 3.231062000e-08 5.018329000e-01 
3.133445000e-12 3.231062000e-08 5.018329000e-01 
5.674457000e-10 3.042673000e-08 5.018329000e-01 
3.021803000e-08 6.496672000e-10 5.018329000e-01 
2.341581000e-03 4.380349000e-02 4.556878000e-01 
1.068223000e-04 4.529600000e-01 4.876609000e-02 
3.133445000e-12 3.231062000e-08 5.018329000e-01 
3.133445000e-12 3.231062000e-08 5.018329000e-01 
3.092957000e-02 4.449143000e-01 2.598902000e-02 
4.737835000e-01 3.409398000e-03 2.463999000e-02 
1.275720000e-03 2.074325000e-02 4.798139000e-01 
5.187277000e-04 4.983711000e-01 2.943058000e-03 
1.608267000e-05 3.059577000e-04 5.015109000e-01 
1.146295000e-03 2.210859000e-02 4.785780000e-01 
8.029643000e-04 4.751540000e-01 2.587591000e-02 
3.021591000e-08 7.216809000e-10 5.018329000e-01 
2.540125000e-02 4.738106000e-01 2.621050000e-03 
2.540125000e-02 4.738106000e-01 2.621050000e-03 
1.640815000e-05 1.542430000e-02 4.863922000e-01 
2.414842000e-02 4.596228000e-01 1.806172000e-02 
3.244161000e-05 2.004914000e-02 4.817513000e-01 
2.365188000e-02 4.554784000e-01 2.270260000e-02 
6.365939000e-10 3.033627000e-08 5.018329000e-01 
2.538811000e-03 2.358978000e-02 4.757043000e-01 
4.511448000e-01 2.193849000e-02 2.874961000e-02 
1.961525000e-09 2.895938000e-08 5.018329000e-01 
6.368946000e-10 3.031659000e-08 5.018329000e-01 
2.540125000e-02 4.738106000e-01 2.621050000e-03 
2.540125000e-02 4.738106000e-01 2.621050000e-03 
3.096574000e-08 2.789964000e-12 5.018329000e-01 
3.096574000e-08 2.789964000e-12 5.018329000e-01 
2.918356000e-08 1.794297000e-09 5.018329000e-01 
2.496547000e-02 4.676958000e-01 9.171669000e-03 
1.997621000e-06 6.548654000e-03 4.952822000e-01 
3.972292000e-11 3.099915000e-08 5.018329000e-01 
2.540125000e-02 4.738106000e-01 2.621050000e-03 
2.540125000e-02 4.738106000e-01 2.621050000e-03 
1.206278000e-03 2.483786000e-02 4.757888000e-01 
2.206385000e-03 4.709614000e-01 2.866515000e-02 
4.434333000e-02 4.361338000e-01 2.135575000e-02 
1.795729000e-02 7.774462000e-04 4.830982000e-01 
3.096574000e-08 2.789964000e-12 5.018329000e-01 
3.096574000e-08 2.789964000e-12 5.018329000e-01 
2.540125000e-02 4.738106000e-01 2.621050000e-03 
2.540125000e-02 4.738106000e-01 2.621050000e-03 
2.953787000e-04 4.959324000e-01 5.605146000e-03 
1.503536000e-04 2.833775000e-03 4.988488000e-01 
1.133159000e-04 4.951912000e-01 6.528360000e-03 
1.983011000e-04 3.709041000e-03 4.979256000e-01 
2.369656000e-02 4.468340000e-01 3.130234000e-02 
1.773418000e-05 2.866359000e-02 4.731516000e-01 
3.367482000e-05 1.609986000e-02 4.856994000e-01 
2.361887000e-02 4.594595000e-01 1.875455000e-02 
1.479054000e-03 1.530919000e-02 4.850447000e-01 
4.644254000e-01 1.799824000e-02 1.940927000e-02 
3.133445000e-12 3.231062000e-08 5.018329000e-01 
3.133445000e-12 3.231062000e-08 5.018329000e-01 
1.191499000e-09 2.976750000e-08 5.018329000e-01 
1.872148000e-10 3.068174000e-08 5.018329000e-01 
3.096574000e-08 2.789964000e-12 5.018329000e-01 
3.096574000e-08 2.789964000e-12 5.018329000e-01 
2.540125000e-02 4.738106000e-01 2.621050000e-03 
2.540125000e-02 4.738106000e-01 2.621050000e-03 
2.319531000e-03 1.519932000e-05 4.994982000e-01 
2.847241000e-02 4.684047000e-01 4.955750000e-03 
3.133445000e-12 3.231062000e-08 5.018329000e-01 
3.133445000e-12 3.231062000e-08 5.018329000e-01 
5.169028000e-10 3.045860000e-08 5.018329000e-01 
6.461424000e-05 1.236004000e-03 5.005323000e-01 
6.473127000e-04 4.972640000e-01 3.921636000e-03 
3.133445000e-12 3.231062000e-08 5.018329000e-01 
3.133445000e-12 3.231062000e-08 5.018329000e-01 

